Date,-3.0%,-2.0%,-1.0%,0.0%,1.0%,2.0%,3.0%,4.0%,5.0%,6.0%
03-Sep-2019,8.99014192972001e-15,0.00161734603623856,0.00712643097217617,0.045538399332842,0.298400343686015,0.474766874731467,0.1381314599075,0.0274443405524231,0.00697480478127881,5.07300866034201e-14
04-Sep-2019,7.99023001268016e-15,0.00161587598151833,0.00701896129472025,0.0451435352336684,0.296462746484191,0.475850228494938,0.139268311157111,0.027621380059079,0.00701896129472025,4.56584572153152e-14
05-Sep-2019,2.00796793724872e-15,0.00146497941451338,0.00666818216261262,0.0417771715793988,0.280972948397359,0.482407617892949,0.149629966406504,0.0296026874794773,0.00747644666717173,1.19043813422603e-14
06-Sep-2019,3.16073788637351e-15,0.00151653017895053,0.00682438580527738,0.04301890607623,0.286573652815685,0.480032352643807,0.145789101203111,0.0289657264179551,0.00727934485896254,1.85128933344734e-14
09-Sep-2019,8.17707003423609e-16,0.00151660684495222,0.00652140943329454,0.0407461705677162,0.275769677973812,0.484202012031745,0.153278398463171,0.0303321368990444,0.00763358778625949,5.28364525289102e-15
10-Sep-2019,2.54725801801721e-16,0.00146616446320685,0.00631967441037437,0.039738112692434,0.270734851740438,0.485932404762506,0.156980712353699,0.0310422407037589,0.00778583887358122,1.54654951093902e-15
11-Sep-2019,1.81322504608284e-16,0.00146483141810834,0.00631392852632907,0.0396009597171359,0.270236140926884,0.486298775097865,0.157242076019699,0.0311150397777497,0.00772824851622679,1.11383824259375e-15
12-Sep-2019,9.24928897810253e-17,0.00136429094767692,0.00616457391172532,0.03799802935752,0.261943861953968,0.488795128976024,0.163411737955079,0.0322882190950203,0.00803415780298628,5.81383878623587e-16
13-Sep-2019,1.71403031367535e-17,0.0013149576431913,0.00571500821848527,0.0345429257807561,0.242913136932608,0.492982677961816,0.178530787710204,0.0353015551902895,0.00869895056265015,1.22619091670621e-16
16-Sep-2019,4.45631249518107e-17,0.00136549840691852,0.00576543771810044,0.0353512365346685,0.247408081727608,0.492186314671522,0.174834370100642,0.0345926263086026,0.00849643453193749,3.15369807351276e-16
17-Sep-2019,6.6810295557397e-17,0.00136542935167391,0.00586628906645089,0.0358551633458076,0.250025285728735,0.491706280975017,0.172600384343077,0.0341863052493173,0.0083948619399211,4.67672068901779e-16
18-Sep-2019,8.74728426590345e-17,0.00141439143282903,0.00626373348824287,0.039097820321774,0.267421008764175,0.48723259161973,0.159270578132498,0.031470209380446,0.00782966686030358,5.43581236524e-16
19-Sep-2019,1.24842843857321e-16,0.00141471301535974,0.00636620856911883,0.0393088116410671,0.268795472918351,0.486762328213419,0.158245755860954,0.0312752627324171,0.00783144704931285,7.66891755123544e-16
20-Sep-2019,2.44821533836643e-16,0.00151664518085993,0.00636990975961173,0.0397866585778923,0.271226713177118,0.485756174009756,0.156568337504107,0.0309901165289047,0.00778544526174766,1.60075618277805e-15
23-Sep-2019,3.25313145949531e-16,0.00136518771331058,0.00626975097964858,0.0384275060042977,0.264239666287447,0.488054607508531,0.161698900265453,0.0319555049930476,0.0079888762482619,2.02158883554351e-15
24-Sep-2019,1.00945112125634e-15,0.00146612740141556,0.00662285136501512,0.0415571284125376,0.27952477249747,0.482861476238621,0.150657229524771,0.0298786653185033,0.00743174924165819,6.05670672753801e-15
25-Sep-2019,2.56998103159561e-16,0.00151518977751963,0.00646480971741709,0.0405565797116088,0.274956438293896,0.484633450339654,0.15384226874416,0.0304553145281446,0.00757594888759816,1.68037221296636e-15
26-Sep-2019,1.22979526933145e-16,0.000856552627601148,0.00498815941955962,0.0421726205471859,0.289010933642364,0.475487479216002,0.153977931173477,0.0279135385700609,0.00559278480374867,1.26054015106473e-15
27-Sep-2019,1.83032858215336e-16,0.00080657357463326,0.00529313908353077,0.0448152442405605,0.301708927761254,0.472148006250944,0.144477491556183,0.0256591218430206,0.00509149568987245,1.35444315079349e-15
30-Sep-2019,2.04218639979126e-16,0.000806593905174802,0.00539409674085649,0.0456229677614498,0.304892496156075,0.470773573967181,0.142263000025206,0.025256471655786,0.00499079978826909,1.51121793584553e-15
01-Oct-2019,2.46710495676446e-16,0.000806614236741277,0.00539423270820729,0.0457753579350674,0.30535390199637,0.470558580358942,0.141964105666465,0.0251562815083686,0.00499092558983665,1.8256576680057e-15
02-Oct-2019,4.0788317266267e-16,0.000855970393494622,0.00548828075828905,0.0470280204425869,0.310364794441227,0.468392034440219,0.13846579894766,0.0245210342136401,0.00488406636288108,2.93675884317122e-15
03-Oct-2019,8.93957710165256e-16,0.000906481341592379,0.00579140857128464,0.0497053935639821,0.320541874401972,0.463211965553706,0.131893035201691,0.0233167145087373,0.00463312685702772,6.2577039711568e-15
04-Oct-2019,1.4371092863439e-15,0.000856746881693325,0.00554365629330975,0.0476250472470701,0.312158246188733,0.467254630212921,0.137381882323294,0.0242408970643817,0.00493889378858505,1.00597650044073e-14
07-Oct-2019,8.1665417009814e-16,0.000806614236741273,0.00539423270820726,0.0457753579350672,0.305353901996368,0.47055858035894,0.141964105666464,0.0251562815083685,0.00499092558983663,6.04324085872623e-15
08-Oct-2019,9.77613464997356e-16,0.000907349531202735,0.00569613872366162,0.0495009577578381,0.319034176832339,0.463857243673754,0.132825889706623,0.023490271196693,0.0046879725778808,6.84329425498149e-15
09-Oct-2019,4.91362764706244e-16,0.000856142824767705,0.00564047037494017,0.0482461662427918,0.315010198171882,0.466018684058115,0.135522373026464,0.0239719990934957,0.00473396620753907,3.53781190588496e-15
10-Oct-2019,1.5909645614372e-16,0.000806045340050377,0.00534005037783375,0.0452392947103274,0.30352644836272,0.47153652392947,0.143173803526448,0.0253904282115869,0.00498740554156171,1.20913306669227e-15
11-Oct-2019,3.32190516929898e-17,0.000857070834383665,0.00499117721199899,0.0425510461305772,0.291958658936224,0.476178472397277,0.151197378371565,0.0269725233173683,0.00529367280060499,3.2388575400665e-16
15-Oct-2019,2.90675625161471e-17,0.000806654902949332,0.00499117721199899,0.0416939752961936,0.288782455255861,0.47748928661457,0.153415679354676,0.0274262667002773,0.00539450466347366,2.83408734532435e-16
16-Oct-2019,3.30373976872e-17,0.000805862650784457,0.00498627515172883,0.0416530257624216,0.288750661059206,0.47764990304465,0.153365735727417,0.0273993301266715,0.00538920647712105,3.221146274502e-16
17-Oct-2019,3.09831173019295e-17,0.000705342973020631,0.00453434768370406,0.039096153361715,0.281784517721742,0.482127112880066,0.157996825956621,0.0282137189208252,0.00554198050230496,3.09831173019295e-16
18-Oct-2019,2.80425525318747e-17,0.000655473201230273,0.00443704936217415,0.0377653405939595,0.275298744516714,0.484092169616296,0.162859879997983,0.0291433469470075,0.0057479957646347,2.87436163451716e-16
21-Oct-2019,1.1822326121019e-17,0.000756277099929414,0.00423515175960472,0.0368054855298981,0.270696783301402,0.485479479681355,0.166280125037814,0.0298477362105475,0.00589896137944943,1.61571790320593e-16
22-Oct-2019,1.7514267573228e-17,0.00075629616557844,0.00428567827161116,0.0370585121133436,0.272115360375123,0.485113570474198,0.165225502306703,0.0296972294350468,0.00574785085839615,2.45199746025192e-16
23-Oct-2019,1.97871725681094e-17,0.000755553316879061,0.00428146879564801,0.0368206316425729,0.271092530096207,0.48556893164761,0.165818767944391,0.0298191709061603,0.00584294565053141,2.70424691764162e-16
24-Oct-2019,1.71639379451255e-17,0.000755762690515178,0.00413150270814964,0.0360246882478902,0.267036150648696,0.486585212243356,0.169089305957929,0.0304320443380778,0.00594533316538607,2.40295131231756e-16
25-Oct-2019,1.15949255189252e-17,0.000705912013109794,0.00398336064540527,0.034236732635825,0.257960418504979,0.488667591075255,0.176225891844195,0.0319677297365435,0.00625236354468675,1.66193932437927e-16
28-Oct-2019,5.21292463785617e-18,0.000705965407695023,0.00403408804397156,0.0345923049770561,0.259744843931219,0.488376783823307,0.174776864505068,0.0316675911451767,0.00610155816650698,7.64562280218905e-17
29-Oct-2019,6.19360181720427e-18,0.00075629616557844,0.00428567827161116,0.036856833135856,0.271157385232057,0.485365669196057,0.165880958983538,0.0298484886681625,0.00584869034713994,8.46458915017917e-17
30-Oct-2019,2.04741812826242e-17,0.000705147577314395,0.00453309156844968,0.0393371612773245,0.282663443134885,0.481817266042107,0.157298277425204,0.0280548000402941,0.00559081293442127,1.99623267505586e-16
31-Oct-2019,6.89076001537495e-17,0.000755591376183759,0.00503727584122506,0.0433205722345355,0.300322385653838,0.474863993552287,0.144922425952045,0.0256901067902478,0.00508764859963731,6.37395301422183e-16
01-Nov-2019,4.4505911669871e-17,0.000705823040080665,0.00463826569195866,0.0398790017645576,0.284950844466851,0.48086715402067,0.155684396269221,0.0277791782203176,0.00549533652634232,4.33932638781243e-16
04-Nov-2019,1.27246351137959e-17,0.000705894216709524,0.00423536530025715,0.035647657943831,0.265718751575657,0.486865325467655,0.170120506226995,0.0307063984268643,0.00600010084203096,1.78144891593142e-16
05-Nov-2019,5.47627721358164e-18,0.000605174239749861,0.00388320137172828,0.0326289777598467,0.249836098643401,0.490342427757325,0.182913913964396,0.0333350143728882,0.00645519189066519,6.16081186527934e-17
06-Nov-2019,1.05697186534209e-17,0.000604610152412142,0.00372842927320821,0.0316412646429021,0.244464038291976,0.49127094092455,0.187429147247764,0.0342612419700214,0.00660032749716589,1.2155176451434e-16
07-Nov-2019,2.1239845829206e-18,0.000554393569034599,0.00367915732177507,0.0304412468815362,0.238338835269511,0.491923493687473,0.192828163193307,0.0353803895874808,0.00685432048988232,2.49568188493171e-17
08-Nov-2019,1.34329868363292e-18,0.000554854981084489,0.00348045397225725,0.0290037831021438,0.229609079445145,0.492358133669609,0.200655737704918,0.0372257250945776,0.00711223203026482,1.64554088745032e-17
12-Nov-2019,2.06277527369475e-18,0.000554813002799284,0.00353062819963181,0.029405089148362,0.232214460444355,0.492295664892946,0.198320429727889,0.0366176581847527,0.00706125639926361,2.4753303284337e-17
13-Nov-2019,3.3756648259302e-18,0.000554281827114459,0.00357763724773878,0.0299816079211912,0.235166662467562,0.492277846363155,0.195510317200373,0.0360283187624398,0.00690332821042554,4.05079779111624e-17
14-Nov-2019,6.9363113500371e-18,0.000604777744179014,0.00372946275577059,0.0317508315693982,0.244884588247153,0.491230722709404,0.186977119242012,0.0342203406914626,0.00660215704062091,7.97675805254266e-17
15-Nov-2019,6.38196674275292e-18,0.000605204760944119,0.00383296348597942,0.0324288884405891,0.248537421827718,0.490518458745209,0.184032681057091,0.0335888642323986,0.00645551745007061,7.33926175416586e-17
18-Nov-2019,8.4102433371302e-18,0.000605189499962176,0.0037824343747636,0.0317724487480142,0.245404342234662,0.49103563053181,0.186700960738331,0.0340923418312026,0.00660665204125375,9.67177983769973e-17
19-Nov-2019,1.42171885703279e-17,0.000605189499962176,0.00383286683309378,0.0323776382479764,0.248581587109464,0.490531305948508,0.184028040446831,0.0336384497062309,0.00640492220793302,1.6349766855877e-16
20-Nov-2019,2.36931143092299e-17,0.00070528967254408,0.00403022670025189,0.0345591939546599,0.259697732997481,0.488513853904282,0.174760705289672,0.0316372795969773,0.00609571788413098,3.47499009868705e-16
21-Nov-2019,1.40610759176986e-17,0.00065506034113527,0.00398075130382202,0.0332569096268675,0.253407573505329,0.489758383512635,0.179889647527147,0.0327026277997531,0.00634904638331108,2.0622911345958e-16
22-Nov-2019,1.68966919805717e-17,0.000705947608602476,0.00393313667649951,0.0336837858961753,0.255250485338981,0.489246905176109,0.178503895318055,0.0323727403373421,0.00630310364823639,2.47818149048384e-16
25-Nov-2019,1.90752117865151e-17,0.000655374067352289,0.00398265779391006,0.0333736640451704,0.253881831014317,0.489614841701956,0.179522081064731,0.0326174631982254,0.00635208711433757,2.79769772868888e-16
26-Nov-2019,3.60972294570122e-17,0.000604442653503249,0.00392887724777112,0.0329924948370523,0.25210295673198,0.490051881327759,0.181080944945348,0.0328917543948018,0.00634664786178411,4.06093831391388e-16
27-Nov-2019,1.85577326590987e-17,0.000705431825052907,0.00403103900030233,0.0345661594275925,0.259750075581981,0.488410762874131,0.17479592865061,0.0316436561523733,0.00609694648795727,2.72180079000114e-16
29-Nov-2019,2.1058929513382e-17,0.000655539307145378,0.00438707074781907,0.0367606273006908,0.269577933538399,0.484796530684282,0.167515506025919,0.0304069386314356,0.0058998537643084,2.26383492268856e-16
02-Dec-2019,4.85104348792945e-18,0.000706001008572869,0.00403429147755925,0.0342410489157842,0.256833081190116,0.487947554210792,0.177508825012607,0.032476046394352,0.00625315179021684,7.27656523189417e-17
03-Dec-2019,2.97890951185871e-17,0.000756391508244667,0.00418536634562049,0.0358529574907972,0.264989158388382,0.486057183198023,0.171045333064394,0.0311129040391307,0.00600070596540769,4.36906728405944e-16
04-Dec-2019,1.40596590061563e-17,0.0007053785111475,0.00392996599067893,0.0335558634588739,0.253180501322585,0.488802116135533,0.180425746315657,0.0330520216651971,0.0063484066003275,2.15581438094397e-16
05-Dec-2019,9.6795150015855e-18,0.000705520699473379,0.00388036384710358,0.0332098672109255,0.251417340690906,0.489051830574243,0.181973946128455,0.0333106558822788,0.00645047496661375,1.48419230024311e-16
06-Dec-2019,7.57271560482834e-18,0.00060525054850831,0.00368194083675888,0.0310695281567599,0.239981842483545,0.49053035079313,0.191813986331425,0.0354575946334451,0.00685950621642751,9.08725872579401e-17
09-Dec-2019,7.47242223887059e-18,0.000655588895332711,0.00388310345697067,0.0321238558713028,0.246097985324895,0.489800549686074,0.186489825764643,0.0342419123023778,0.00670717869840389,1.14577140996016e-16
10-Dec-2019,1.08707743196548e-17,0.000605265812569353,0.00373247251084434,0.0311711893473217,0.240845354584888,0.490517502269747,0.191011802683345,0.0353576112175931,0.00675880157369111,1.30449291835858e-16
11-Dec-2019,2.00567901440533e-17,0.000604655850045349,0.00377909906278343,0.0315428801773657,0.243021263730727,0.490375894386778,0.189055729114179,0.0348684873526151,0.0067519903255064,2.35667284192627e-16
12-Dec-2019,4.28629146973663e-18,0.000554463430616462,0.00362921518221685,0.0299914310197087,0.234235596552246,0.491204193759766,0.196784112102424,0.0365945864206865,0.0070064015323353,5.25070705042737e-17
13-Dec-2019,1.11679720336728e-17,0.00060525054850831,0.00368194083675888,0.0308677779739238,0.239124404206491,0.490631225884548,0.192570549517061,0.0356089072705722,0.00690994376213653,1.34015664404073e-16
16-Dec-2019,4.67194505103147e-18,0.000554826994855241,0.00368203369313023,0.0300110965398971,0.234742257641481,0.491021890446888,0.196408756178755,0.0365177040250177,0.00706143447997579,5.60633406123777e-17
17-Dec-2019,4.22555478209102e-18,0.000554868975257888,0.00353098438800474,0.0291558425180963,0.229513985220308,0.49133647759086,0.201165224848042,0.037529319781079,0.00721329667835254,5.28194347761377e-17
18-Dec-2019,2.1233424915994e-18,0.000554225973044464,0.00337574001763446,0.0283159088046353,0.224259982365537,0.491623630180123,0.205869756896335,0.0386446655750094,0.00735609018768107,2.70726167678924e-17
19-Dec-2019,2.46759330119425e-18,0.000503968753937256,0.00337659065137961,0.0274662970895804,0.219629582965856,0.491445130401915,0.210406954768804,0.0396119440594683,0.00755953130905884,3.20787129155252e-17
20-Dec-2019,2.36771197185494e-18,0.00055474305310404,0.0034797518785617,0.0288466387614101,0.227293358212719,0.491351051490242,0.203187250996016,0.0379746835443038,0.00731252206364416,2.95963996481868e-17
23-Dec-2019,2.10742504807395e-18,0.000554212011285772,0.00357718661829907,0.0295243853284966,0.231509471987102,0.491434905280129,0.199214026602177,0.0370818218460298,0.00710399032648126,2.63428131009244e-17
24-Dec-2019,2.9583812229246e-18,0.000554309758371337,0.00362820932752148,0.0298823351558366,0.233767542644058,0.491194033611328,0.197233490387765,0.0366852276449394,0.00705485147018065,3.62401699808263e-17
26-Dec-2019,3.05297614984515e-18,0.000604686318972033,0.0036281179138322,0.0306374401612497,0.237591332829428,0.49095490047871,0.193801965230537,0.035878054925674,0.00690350214159738,3.66357137981418e-17
27-Dec-2019,2.87762741722766e-18,0.000655423630542741,0.00388212458090701,0.0322165923012932,0.24654011948877,0.489727495021301,0.186089893871789,0.0342332803952709,0.00665507071012629,4.41236203974908e-17
30-Dec-2019,1.88196077203825e-18,0.000504095778197857,0.00347826086956522,0.0309514807813485,0.24,0.488241965973535,0.194480151228733,0.0357403906742281,0.00660365469439193,2.63474508085355e-17
31-Dec-2019,1.19209098884549e-18,0.00045341192473362,0.00322426257588352,0.0280107811279881,0.224136628126653,0.488904002619713,0.209022897302199,0.0390941837325877,0.00715383259024157,1.78813648326824e-17
02-Jan-2020,2.66043236882403e-18,0.000453537593227172,0.00312437008667607,0.027464220923201,0.220772021769804,0.488812739367063,0.212154807498488,0.0399113082039911,0.00730699455754888,3.99064855323604e-17
03-Jan-2020,8.60326627263867e-18,0.0004538349049468,0.00337854873682618,0.0290454339165952,0.230195149009127,0.488679340426605,0.203469315717816,0.037870001512783,0.00690837577530129,1.26181238665367e-16
06-Jan-2020,6.88978587874574e-18,0.000504210154792517,0.00347905006806837,0.0309585035042606,0.240004033681238,0.488176271870115,0.194524277718953,0.0357484999747895,0.00660515302778198,9.64570023024404e-17
07-Jan-2020,4.813707005e-18,0.000504172023494416,0.00357962136681035,0.0316620030754493,0.243968842168948,0.487761224129673,0.191030779702034,0.0350399556328619,0.00645340190072853,6.57873290683333e-17
08-Jan-2020,2.11993215518284e-18,0.000503626107977437,0.00332393231265109,0.0298146655922643,0.23393432715552,0.488819500402901,0.199788477034649,0.0370668815471394,0.00674858984689766,3.03856942242874e-17
09-Jan-2020,3.41143958720941e-18,0.000503752959548637,0.00337514482897587,0.0301244269810085,0.235655634476853,0.488690746058133,0.198277164878344,0.0366732154551408,0.00669991436199688,4.88973007500016e-17
10-Jan-2020,5.97355077001661e-18,0.000504108484145788,0.00342793769219136,0.0301456873519181,0.236225235670716,0.488481121137269,0.197912990875636,0.0365982759489842,0.00670464283913898,8.5620894370238e-17
13-Jan-2020,4.3475658629698e-18,0.00045382346267302,0.00332803872626881,0.0287421526359579,0.228474901041273,0.488793081713436,0.205027355469833,0.0381715956937196,0.00700905125683887,6.37642993235571e-17
14-Jan-2020,7.05767761791911e-18,0.00045382346267302,0.00327761389708292,0.0286413029775862,0.227617678945113,0.488793081713436,0.205783727907622,0.0383732950104631,0.00705947608602476,1.03512605062814e-16
15-Jan-2020,1.26370793917245e-17,0.000503752959548637,0.00337514482897587,0.0302251775729182,0.236058636844491,0.488640370762178,0.197974913102614,0.0365220895672762,0.00669991436199688,1.81131471281384e-16
16-Jan-2020,8.64785437654792e-18,0.000503841793676785,0.00347650837636982,0.0306335810555486,0.238720241844061,0.488399042700592,0.195591384305328,0.0360246882478902,0.00665071167653357,1.21069961271671e-16
17-Jan-2020,3.93758324924077e-18,0.000504222866506996,0.00342871549224757,0.0303542165637212,0.23708559183159,0.488365057355351,0.197151140804235,0.0364553132484558,0.00665574183789235,5.64386932391176e-17
21-Jan-2020,1.10175626730431e-17,0.000504184733286276,0.00357971160633256,0.0312594534637491,0.242260764344056,0.487899566401129,0.192598568115357,0.0353433498033679,0.00655440153272159,1.50573356531589e-16
22-Jan-2020,1.54944835990788e-17,0.000554044525032739,0.00357610557066586,0.0324367885564622,0.24785937342601,0.487357711292435,0.187619623249723,0.034250025183842,0.00634632819582956,2.06593114654383e-16
23-Jan-2020,2.90555506304449e-17,0.00055417013022998,0.00367767450061714,0.0328471749918134,0.250636036172196,0.486939217612534,0.185294339907806,0.0338043779440288,0.00624700874077432,3.87407341739266e-16
24-Jan-2020,5.08772033927798e-17,0.000554561266416273,0.00378109954374732,0.0334753346273096,0.25378740137632,0.486224193995614,0.18285397393562,0.0331728466638098,0.00615058859116231,6.7836271190373e-16
27-Jan-2020,2.02808935717572e-16,0.000604884441868083,0.00418378405625424,0.0373516142853541,0.272601255135216,0.481966882576806,0.167653804471104,0.0300930009829371,0.00554477405045743,2.50131020718339e-15
28-Jan-2020,1.08022454352736e-16,0.000604930180974945,0.00388163532792256,0.0354892372838634,0.263043807027272,0.484397842415687,0.175127287392247,0.0316076019559409,0.00584765841609113,1.36828442180132e-15
29-Jan-2020,2.45877184084912e-16,0.000604320894394922,0.00412952611169863,0.0370650148562219,0.271189001359721,0.482449514025279,0.168756609759782,0.0301656846452132,0.00564032834768594,3.03248527038059e-15
30-Jan-2020,3.27539428504748e-16,0.000604488325819205,0.00387880009067323,0.0354633151147267,0.263002795758506,0.484522580157669,0.175100118378963,0.0315845150240535,0.00584338714958565,4.14883276106013e-15
31-Jan-2020,7.20405370699423e-16,0.000604914933837423,0.00408317580340261,0.0364965343415245,0.268531821045996,0.483049779458092,0.170838059231252,0.030749842470069,0.00564587271581595,9.12513469552603e-15
03-Feb-2020,6.08023624852237e-16,0.00065525844905365,0.0042339776708082,0.0385090350059222,0.277527155422261,0.480480858892609,0.163915421255575,0.029234607727009,0.0054436855767534,7.29628349822685e-15
04-Feb-2020,1.93594113489091e-16,0.000604884441868083,0.00408296998260956,0.0369483579907754,0.270282531441389,0.482622174055497,0.169418050759886,0.0303450361670488,0.00569599516092445,2.38766073303213e-15
05-Feb-2020,8.591064395424e-17,0.000604305677955432,0.00392798690671031,0.0357043938058668,0.264333375299005,0.484225103865038,0.174040035251164,0.0312728188341936,0.00589198036006546,1.05956460876896e-15
06-Feb-2020,1.30599426597594e-16,0.000604503551458364,0.0038788977885245,0.03511158128054,0.261699662485517,0.484811848269608,0.176162409954158,0.0318371870434738,0.00589390962671905,1.65425940356952e-15
07-Feb-2020,2.80848424680517e-16,0.000554505356017641,0.00403276622558285,0.0355891619407686,0.263994959042217,0.484108380592311,0.174467548834278,0.0314051669817264,0.00584751102709513,3.55741337928655e-15
10-Feb-2020,3.97756119839308e-16,0.000554519332560364,0.00398245702475171,0.0351867721933758,0.262186822604223,0.484649896657758,0.175782628421635,0.0317588345011845,0.00589806926450569,5.03824418463124e-15
11-Feb-2020,2.80420330103931e-16,0.000604899687468492,0.0039318479685452,0.0357394898679301,0.26439157173102,0.484070974896661,0.174059885069059,0.0313035588264945,0.0058977719528178,3.45851740461515e-15
12-Feb-2020,1.41338152312785e-16,0.000553863195790639,0.0039273935701518,0.0348933813348102,0.260819214017773,0.485058281513556,0.176833413056066,0.031973011757005,0.00594144155484503,1.79028326262861e-15
13-Feb-2020,1.79178382010697e-16,0.00055398871877518,0.003928283642224,0.0348005640612409,0.260374697824335,0.485143029814664,0.17722602739726,0.0319802578565672,0.00599315068493149,2.26959283880217e-15
14-Feb-2020,2.50952559366721e-16,0.000604884441868083,0.00393174887214254,0.0357385891070392,0.264435315169997,0.4839831640497,0.174055498147541,0.0313531769034956,0.00589762330821381,3.09508156552289e-15
18-Feb-2020,4.63515306415899e-16,0.000604930180974942,0.0039824570247517,0.0359933457680091,0.265765992841658,0.48379291223471,0.172959620910419,0.0311034934717949,0.00579724756767653,5.87119388126806e-15
19-Feb-2020,4.0945734984535e-16,0.00060432089439492,0.00417988618623153,0.0374678954524851,0.272951603968372,0.481996273354482,0.167296167598327,0.0299642443470815,0.0055396081986201,5.04997398142599e-15
20-Feb-2020,8.48978263044941e-16,0.000654812874628512,0.00418072835339742,0.0384324787185811,0.277036216188986,0.480733390419579,0.164206920868381,0.029265098473782,0.00549035410265445,1.01877391565393e-14
21-Feb-2020,2.20539645687902e-15,0.000655225422746384,0.00443537209243706,0.0401703586099129,0.284821451072294,0.478037347849083,0.158463748393433,0.0281242912224987,0.00529220533756695,2.57296253302552e-14
24-Feb-2020,8.39020288070532e-15,0.000604808225391819,0.00468726374678659,0.0426893805755725,0.295348016733005,0.474119248021736,0.150849251549809,0.0266619626026893,0.00504006854493182,6.92191737658189e-14
25-Feb-2020,1.81639370895948e-14,0.000705520699473267,0.00508982790334286,0.0472698868647089,0.313200796230454,0.466172802176961,0.13873560611785,0.0241892811247977,0.0046362788822529,1.4077051244436e-13
26-Feb-2020,1.64983759406016e-14,0.000705396281553783,0.00508893031692372,0.0465561545825496,0.310928603819171,0.467425807426746,0.140121932785791,0.0244873280596527,0.00468584672746441,1.31987007524813e-13
27-Feb-2020,2.53222671689375e-14,0.000755344059218812,0.00528740841453168,0.0492484326610665,0.320467306191234,0.462648236271522,0.133796611022959,0.0232645970239394,0.00453206435531287,1.89917003767031e-13
28-Feb-2020,2.52229060919418e-13,0.000806228112164808,0.00584515381319486,0.0537149479729804,0.335995565744684,0.453881232520282,0.12405835075936,0.0215666020004086,0.00413191907484464,1.82866069166578e-12
02-Mar-2020,2.76473701467873e-13,0.000756048387094997,0.00549395161289031,0.0506552419353648,0.325554435483106,0.459879032256984,0.130544354838403,0.0227318548386563,0.00438508064515099,2.07355276100905e-12
03-Mar-2020,4.91109280117839e-13,0.00075608649629202,0.00554463430614148,0.0509098240836627,0.326427743332475,0.459398155147031,0.129996471595808,0.0225817833559217,0.00438530167849372,3.68331960088379e-12
04-Mar-2020,4.11892746936356e-13,0.000705396281551272,0.00508893031690561,0.046556154582384,0.310928603818064,0.467425807425082,0.140121932785292,0.0244873280595656,0.00468584672744774,3.29514197549085e-12
05-Mar-2020,1.95585429477574e-12,0.000855970393481232,0.005840739155519,0.0549331587816485,0.33951813901435,0.451826489759049,0.121849903072034,0.021046801439715,0.00412879836855653,1.36909800634302e-11
06-Mar-2020,4.93110850013758e-11,0.00110828442557491,0.00715347220143807,0.0674038437008742,0.374751265538717,0.427117704647131,0.101559154634501,0.0174806679852043,0.00342560640632245,4.10925708344798e-10
09-Mar-2020,2.44755905146819e-09,0.0015113730676487,0.01158719351864,0.107962416132372,0.445502401240582,0.355298618653082,0.0646363881931095,0.0112345398028553,0.00226705960147305,7.34267715440457e-09
10-Mar-2020,3.40514358840266e-11,0.00136027003860761,0.0109325406806612,0.101466068805768,0.437352007598247,0.365761499270046,0.0687692075073847,0.0118897677448665,0.00246863821821381,1.0215430765208e-10
11-Mar-2020,5.79666288528309e-11,0.00135958507446194,0.0108766805956955,0.101213555543278,0.437081423938134,0.366131225052324,0.0689863537782539,0.0118837806508525,0.00246739513513463,1.73899886558493e-10
12-Mar-2020,9.44485929697622e-12,0.00186205681784751,0.0156010165819656,0.139704587198505,0.473163735173035,0.310032460171611,0.0491180393032209,0.00865604790999384,0.00186205681784751,1.65285037697084e-11
13-Mar-2020,4.87048677666543e-12,0.00151091599027675,0.0125909665856396,0.115534709389829,0.453728071880107,0.34370845767412,0.0602351841456997,0.0104253203329096,0.00226637398541512,1.11325412038067e-11
16-Mar-2020,1.54958929979751e-10,0.00226671703733682,0.0196952524799711,0.168593376088141,0.485178188969518,0.27590983493361,0.0396927338982537,0.00710238005032205,0.00156151618127648,2.06611906639667e-10
17-Mar-2020,5.2947758409263e-13,0.00236739979665254,0.0206014152517211,0.174532772242576,0.486525843316317,0.269581607418796,0.0380798775801984,0.00685034834776055,0.00146073604474306,7.05970112123507e-13
18-Mar-2020,6.15643457235587e-14,0.00276903713027027,0.0248709880427911,0.200931403398339,0.488609188168599,0.243801132787887,0.03191944619257,0.0058401510383882,0.00125865324103194,6.15643457235587e-14
19-Mar-2020,1.1212386006539e-13,0.00281803542673048,0.0253119967793827,0.203552737520085,0.488526570048205,0.24139492753618,0.0313506441223766,0.00573671497584418,0.00130837359098201,1.01930781877627e-13
20-Mar-2020,2.04352231106276e-12,0.00191373053816804,0.0159141802647658,0.14232111844376,0.474454089475819,0.306826654537934,0.0482461540938154,0.00851106476185262,0.00181300787826446,3.57616404435983e-12
23-Mar-2020,4.78415909497021e-11,0.00176309050597108,0.014155098062225,0.128705606935889,0.465405519561909,0.324786710077173,0.0537490734248898,0.0094199407033312,0.00201496057825266,1.02517694892219e-10
24-Mar-2020,1.86528166095987e-11,0.00146099361158605,0.0123428770633994,0.113101057172782,0.451245509619871,0.34733888827752,0.0616136271368876,0.0106803670915946,0.00221667996240642,4.5299697480454e-11
25-Mar-2020,9.35507659381787e-12,0.00141001107860351,0.0109779433976988,0.102427233352841,0.438714875599779,0.364185718587879,0.0681337496196626,0.0117836640140436,0.00236680431051304,2.96244092137566e-11
26-Mar-2020,1.46642897462306e-11,0.00140930138908585,0.0111234145352847,0.103432655520408,0.440054358742056,0.362542782342334,0.0673444735213165,0.0116770686524256,0.00241594523843288,4.39928692386917e-11
27-Mar-2020,8.58644553621222e-11,0.00146066247044174,0.0120378734632957,0.111362921453334,0.449229261167926,0.350105935701823,0.0626573832148111,0.0108794170212212,0.00226654521275442,2.08527963022297e-10
30-Mar-2020,9.35429979260362e-11,0.00161200947006018,0.0131983275361177,0.120699209070756,0.458767820119939,0.336003223915669,0.0576293385546514,0.00997430859599736,0.00211576242945399,2.13812566688083e-10
31-Mar-2020,1.33412957262815e-10,0.00287689900458843,0.0156462928319722,0.117498611976875,0.462676020615126,0.330641497878225,0.0555191035973207,0.0117599555801597,0.00338161812820044,2.54119918595838e-10
01-Apr-2020,7.13448186449402e-10,0.00272342141862401,0.0151301189923556,0.119124470199813,0.472816218511112,0.325045389685773,0.0514928383039835,0.0106919507545979,0.0029755900684966,1.35179656379887e-09
02-Apr-2020,6.73686419139456e-10,0.00226888849172517,0.0126553558094004,0.0976126248884431,0.447122292102641,0.361635615708863,0.0626717421158754,0.0126553558094004,0.00337812286545748,1.53450795470654e-09
03-Apr-2020,5.13763054724861e-10,0.00221992381235968,0.0120077697123092,0.0919250269572578,0.438031330429699,0.372366993116378,0.0665472615568732,0.0132690900602408,0.00363260260204312,1.23907560257172e-09
06-Apr-2020,2.78952385094046e-10,0.00206940062871401,0.010851735004232,0.0825236592182293,0.420593059489605,0.391646687280642,0.0738927444009099,0.0146372239591966,0.00378548895496465,7.84553583077005e-10
07-Apr-2020,1.26993258212981e-10,0.00196666750615507,0.0104384659942077,0.078313708642534,0.411941201481558,0.400519401734273,0.0776077254351963,0.0152290663297136,0.00398376238426284,3.65105617362321e-10
08-Apr-2020,6.35475990306871e-11,0.00196795761274385,0.0103948530314162,0.0777595559291865,0.410596694740942,0.401690425031985,0.0781632395420571,0.0153399772890803,0.00408729658031415,1.78727622273807e-10
09-Apr-2020,9.0161700458158e-11,0.00186769642290648,0.00964135180473346,0.0712753337606474,0.394992554303871,0.416269150040495,0.0851063829464954,0.0165568763976575,0.00429065394451489,2.88517441466106e-10
13-Apr-2020,5.27024302136397e-11,0.00181730987613653,0.00888462606111195,0.0652212322213445,0.378808147514682,0.430273353590271,0.0926323228530706,0.0177692521222239,0.00459375552023402,1.88222965048713e-10
14-Apr-2020,4.51991446048729e-11,0.00176687364289415,0.00853147558997459,0.0615881669808817,0.368165985075058,0.438790448686741,0.0977333535040877,0.0186783785105953,0.00474531778377285,1.80796578419492e-10
15-Apr-2020,4.26926655925717e-10,0.00191715856602266,0.0101407597834356,0.0761313756875839,0.406790776785281,0.405479036713792,0.0798143381959958,0.015639977775448,0.00408657483810092,1.22741413578644e-09
16-Apr-2020,8.85016736538475e-10,0.00226888848976637,0.0119998991236532,0.0925706503824677,0.439256811618768,0.371164947053669,0.0659994451800927,0.013209972984862,0.00352938209519212,2.18651193733035e-09
17-Apr-2020,4.66006576470896e-10,0.0027262400566613,0.0133282847214553,0.0961756908877737,0.443720812185114,0.364079262381722,0.0631074087190116,0.0131768269405296,0.00368547266919028,9.72535463939261e-10
20-Apr-2020,1.00415421137202e-09,0.00328473524536727,0.0151097821286895,0.103747099365216,0.460873622119223,0.345933408397506,0.0552846208989507,0.0120777188252735,0.0036890103524894,1.66313041258491e-09
21-Apr-2020,2.73114622629186e-09,0.00323444683503212,0.0146560872212393,0.100672157740375,0.456562386057503,0.351847169773338,0.0569565872356437,0.0123818667903573,0.00368929092120851,4.69415757643913e-09
22-Apr-2020,1.16527031261369e-09,0.00287973323546407,0.0124283223846344,0.0824513094785502,0.423775480334607,0.390153331769672,0.0694672491011069,0.0146007527201599,0.00424381739963126,2.41090409506281e-09
23-Apr-2020,2.41731264930012e-09,0.00313281622815119,0.0131881457346365,0.0846365674540846,0.431722287956835,0.382784666715473,0.0658396700851775,0.0142997902026901,0.00439604857821215,4.62742707151737e-09
24-Apr-2020,2.47750363589646e-09,0.00293344120667781,0.0118349179717691,0.0736900661746476,0.406028724262231,0.409113895186496,0.0756625525032758,0.0159821969191411,0.0047541978177192,5.48053834607399e-09
27-Apr-2020,7.91901798941312e-10,0.00283286118237061,0.0114326183431385,0.0699615538431885,0.395841763429465,0.418555239695258,0.0797753943678295,0.0166430594464273,0.00495750706914857,1.83127291005178e-09
28-Apr-2020,1.96969237121909e-09,0.00298439513562592,0.0119375805425037,0.0747110443274488,0.40876096764395,0.40640885961333,0.074609878390648,0.0157818861409371,0.00480538199804173,4.23782298050168e-09
29-Apr-2020,1.66949918581661e-09,0.00288220866656536,0.0118322250522157,0.0733699083366025,0.405026165248922,0.41005738914933,0.0759992916815393,0.0160796904555752,0.00475311604661656,3.69313456256402e-09
30-Apr-2020,1.05107795395789e-09,0.0030822869457508,0.0123291477830032,0.0781182888218152,0.417220382148595,0.398095044296683,0.071347363400002,0.0151587882577908,0.00464869506572251,2.22955929627432e-09
01-May-2020,1.3531055360764e-09,0.00303398057008764,0.0125910193658637,0.0793891582506266,0.420256875299973,0.394923137539741,0.0701860838546941,0.014967637479099,0.00465210354080105,2.74600829380211e-09
04-May-2020,1.1792493360059e-09,0.00303497811158677,0.0123422443204529,0.0775942737195684,0.415842584255914,0.399428410969082,0.0718278153075536,0.0153266394635132,0.0046030501359066,2.53717281383089e-09
05-May-2020,8.7839982672799e-10,0.00303336702909503,0.0122851364678349,0.0771991908904685,0.4149646095802,0.400252779489089,0.0722446914096133,0.0153185034969299,0.00470171889509729,1.86327235972604e-09
06-May-2020,2.67608754766773e-10,0.00298152967388657,0.0125325315105741,0.0788336659536111,0.418980720782942,0.396316041821279,0.0706976273519885,0.0150592515731898,0.00459863051396065,5.50959200990414e-10
07-May-2020,1.4570879259256e-09,0.00308470289448455,0.0129456383768532,0.0824778757525294,0.427104928636336,0.387711755606771,0.0676106191791121,0.0145638431739598,0.00450063209195286,2.83091368465546e-09
08-May-2020,4.41303399316147e-10,0.00303421072183913,0.0124908341382377,0.0790917594826066,0.419378491936865,0.395838073753263,0.0704948291040624,0.0151204834304983,0.00455131608275869,9.08565822121479e-10
11-May-2020,2.44131755032683e-10,0.00298462160836553,0.0120902468542265,0.0756272763475673,0.410967219429857,0.404289760916226,0.0737049776845522,0.0156819101456494,0.00465398623677337,5.32651101889491e-10
12-May-2020,5.29236569818254e-10,0.00313598542781401,0.0129485849922643,0.0824966489155589,0.427050402694092,0.387774714231228,0.0675754279283794,0.0146177385264234,0.00440049568096482,1.07403892110175e-09
13-May-2020,1.06952317723088e-09,0.00318511589280368,0.0131954801273295,0.0850375385983459,0.432569072679814,0.381885284068136,0.0655729414756567,0.0142066280298069,0.00434793598065264,2.07793074433429e-09
14-May-2020,1.74038429636861e-09,0.00328423816656411,0.0136927468175211,0.0888765374613273,0.440290021283687,0.373165245833219,0.0627542123518866,0.0136927468175211,0.00424424624602132,3.2818675302951e-09
15-May-2020,1.14446815121293e-09,0.00313527179727856,0.0130973450886314,0.0838432361272235,0.430037925226724,0.384576484166185,0.0664981034422792,0.0144121364874902,0.00439949429618121,2.22353812235656e-09
18-May-2020,2.23449217574389e-10,0.0028833750643435,0.0118875989494864,0.0735007713770369,0.405493587996096,0.409515137427944,0.0759288766943788,0.0159344411450562,0.00485621063468379,4.87525565616849e-10
19-May-2020,2.87877969488955e-10,0.0029339605912657,0.0122416976394189,0.0764853174826506,0.413182588094107,0.402129650349425,0.0728431595072863,0.015529756922734,0.00465386852407663,6.01156936285759e-10
20-May-2020,4.43553690419455e-10,0.00292995882485235,0.0117703518308724,0.0735015532786235,0.405546714584735,0.40971432843043,0.0757747971944572,0.016013740473762,0.00474855395751932,9.81194527291522e-10
21-May-2020,5.59670529004811e-10,0.00293047695532302,0.0121766370040146,0.0762934517678923,0.41279304698257,0.402586903103686,0.0730598220240876,0.0154607922125663,0.00469886822146622,1.16872375174534e-09
22-May-2020,8.34936074106553e-10,0.00308470289967298,0.0124399493986812,0.0785335016916744,0.418002527355686,0.3971175716579,0.0710493044924679,0.0151201010983971,0.00465233879950679,1.77107652083208e-09
26-May-2020,3.51438876685498e-10,0.00293396059068979,0.012241697637016,0.0764853174676372,0.413182588013003,0.402129650270491,0.0728431594929879,0.0155297569196856,0.00465386852316312,7.33887066019715e-10
27-May-2020,4.21272275203152e-10,0.00288220867812145,0.0118322250996565,0.0731170833081336,0.404672211421157,0.410461911309664,0.0762015522443689,0.0160291254555175,0.00480368113020242,9.31905336055458e-10
28-May-2020,2.47714774192433e-10,0.00288082482319416,0.011118973001802,0.0683816839610824,0.391135145731572,0.422925300359451,0.0815728292041293,0.0169311634345622,0.00505407863718273,5.99309937562339e-10
29-May-2020,5.60305150191347e-10,0.00283221645716085,0.0116828928857885,0.0717663420127009,0.400960929863772,0.413882917449569,0.077683651396412,0.0162852446286749,0.00490580350615362,1.23946290799904e-09
01-Jun-2020,3.65243145631859e-10,0.00273203308458852,0.0109281323383541,0.066378285314447,0.384913105695361,0.428296779214521,0.0842376867748127,0.0173534694076641,0.0051605069375561,8.67452470875665e-10
02-Jun-2020,2.8303310944629e-10,0.00278262629063074,0.0110799119572388,0.067592522259685,0.388808782609041,0.424957627784599,0.0825681110238068,0.0172016897966264,0.00500872732313534,6.72203634934939e-10
03-Jun-2020,7.6579891368429e-11,0.00273072060609826,0.0107206068239413,0.0646776232444384,0.379620733147771,0.432819216066574,0.0864728191931116,0.0176991150395258,0.0052591656117448,1.90214568882872e-10
04-Jun-2020,2.82781773620854e-11,0.00262838657474006,0.0101597250292837,0.0603012535320171,0.36504245851486,0.444753335983419,0.0928022644465913,0.018752527292857,0.00556004852348858,7.44658670534915e-11
05-Jun-2020,8.00946818984209e-12,0.00252966026654724,0.00951152260221763,0.0552983734267227,0.346158710874325,0.458804482543673,0.101591156304537,0.0203384685430398,0.00576762540772771,2.3199838894715e-11
08-Jun-2020,1.22063449876871e-11,0.00248013362340777,0.00946499974647456,0.0536518702206579,0.336336488317238,0.463481297745816,0.107050665581784,0.0213595181444506,0.00617502657256629,3.53984004642927e-11
09-Jun-2020,2.98779055481322e-11,0.00263164553730036,0.0102229307410514,0.0594650674293832,0.3586123130252,0.447506262761125,0.0963081049515884,0.0195349072576527,0.00571876818682579,7.99956825966121e-11
10-Jun-2020,8.98046824582609e-11,0.00263038089851925,0.0101168496096894,0.0588800647283924,0.356720117237649,0.449036369926065,0.0971217562530184,0.0196772724908459,0.00581718852557141,2.40444794968892e-10
11-Jun-2020,4.59733734506803e-10,0.00252742252993455,0.00995804476794212,0.0617196581810016,0.375473891047076,0.437446291481072,0.0889147246030974,0.0185007329191209,0.00545923266465862,1.34636307962706e-09
