Date,-3.0%,-2.0%,-1.0%,0.0%,1.0%,2.0%,3.0%,4.0%,5.0%,6.0%
03-Sep-2019,2.32826927854114e-10,0.00142051389116555,0.00593273448663257,0.0364320033263634,0.292458742298789,0.543680801933448,0.107875496087925,0.0103613954414428,0.00183831209444953,2.06957269203657e-10
04-Sep-2019,2.44285074792139e-10,0.00141915017882592,0.00584355955987145,0.0359796310043514,0.289506636480488,0.545371065780574,0.109441522614164,0.0106018866300525,0.00183654729024531,2.17142288704123e-10
05-Sep-2019,8.14381963909579e-11,0.00141956494485057,0.00559475595911697,0.0332345204735605,0.271721431208457,0.554089599503293,0.120496012671728,0.0116070310196606,0.00183708404627721,9.16179709398277e-11
06-Sep-2019,9.74668734376423e-11,0.00150407353217229,0.00559849592530797,0.0338416544738765,0.275663254590911,0.552203885408921,0.117986212634849,0.0113641111319684,0.00183831209487724,1.09650232617348e-10
09-Sep-2019,4.51679234065077e-11,0.00133678669885159,0.00551424513276279,0.0318322332664034,0.262093742143589,0.558024897601859,0.127078285559579,0.0120310802896643,0.0020887292169556,4.51679234065077e-11
10-Sep-2019,2.01763731686162e-11,0.0013369542510394,0.00526425736346763,0.031084186336666,0.255358261948525,0.560643409209303,0.131773553368071,0.0125339461034944,0.0020054313765591,2.26984198146932e-11
11-Sep-2019,1.54794039187498e-11,0.00133561500892973,0.00534246003571892,0.0312200008337324,0.256938937342857,0.560248758276992,0.130556367122881,0.0123544388326,0.00200342251339459,1.74143294085935e-11
12-Sep-2019,1.01338980659896e-11,0.00125260960331332,0.00517745302702838,0.0297286012519694,0.245344467635635,0.564258872639206,0.138956158660891,0.0131106471813461,0.00217118997907642,1.14006353242383e-11
13-Sep-2019,3.04659072451515e-12,0.00125344697918351,0.00476309852089732,0.0269073284864726,0.222027241579372,0.56948274420904,0.15835213503685,0.0148742374863109,0.00233976769447588,4.35227246359307e-12
16-Sep-2019,5.39774319491136e-12,0.00133695425107919,0.00467933987877718,0.0272404428657386,0.225276791306844,0.568999373295236,0.155504491328649,0.0147064967618711,0.00225611029869614,7.71106170701623e-12
17-Sep-2019,6.99379119260846e-12,0.00133701011111626,0.00476309852085166,0.0276593966737176,0.228294476473101,0.568479986620243,0.152836968326977,0.0143728586944998,0.00225620456250868,9.99113027515494e-12
18-Sep-2019,8.39394098206595e-12,0.00133561500894984,0.00517550815968063,0.0302182895774901,0.249843482611679,0.562836512365268,0.135648399346468,0.0128552944611422,0.00208689845148413,9.44318360482419e-12
19-Sep-2019,1.01436151829963e-11,0.00125255730446968,0.00526074067877266,0.0302283829478683,0.249175399769169,0.562941004538824,0.136194730906003,0.0128595883258887,0.00208759550744947,1.14115670808708e-11
20-Sep-2019,1.63553485280891e-11,0.0013370101110925,0.00518091418048343,0.0307512325551274,0.251859279677049,0.561878499186622,0.134202389900909,0.0127015960553787,0.00208907829858203,1.83997670941003e-11
23-Sep-2019,2.03995513499694e-11,0.00125339461034884,0.00518069772277521,0.0296636724449226,0.244829747221474,0.564236473758704,0.139544599952171,0.0131188635883179,0.00217255065793799,2.29494952687156e-11
24-Sep-2019,4.31390950057968e-11,0.00133684254489865,0.00551447549770695,0.0319171157594554,0.262689560072586,0.557839328188492,0.126582278470091,0.0120315829040879,0.00208881647640415,4.31390950057968e-11
25-Sep-2019,1.85136863578308e-11,0.00133561500892112,0.00534246003568447,0.031053048957416,0.25627112983674,0.560499186087553,0.131057222750385,0.0124379147705779,0.00200342251338168,2.08278971525596e-11
26-Sep-2019,1.47951326887716e-11,0.00100150225335044,0.00467367718230203,0.0314638624594262,0.272575529953544,0.557502921031742,0.121014855613178,0.0103488566179545,0.00141879485891312,1.47951326887716e-11
27-Sep-2019,1.73564865965696e-11,0.00108568565220508,0.00476031401351457,0.033322198094602,0.292550526128799,0.547269082992298,0.109320193748957,0.0101052279936011,0.00158677133783819,2.08277839158835e-11
30-Sep-2019,1.83768460401125e-11,0.00108582167462323,0.00484443516370365,0.0343286698669345,0.298433911032985,0.54403842135834,0.105992900392068,0.00985591981581087,0.00141992065143038,2.57275844561575e-11
01-Oct-2019,2.28989499679926e-11,0.00108582167461145,0.00484443516365107,0.0341616203781602,0.297932762564541,0.544372520329239,0.10624347462352,0.00993944455990478,0.00141992065141497,3.20585299551896e-11
02-Oct-2019,3.65146671878603e-11,0.00116773709224083,0.00492117774587208,0.0356159813133454,0.307531904220854,0.538910668069144,0.100925848686529,0.00942530653022958,0.0015013762614525,4.38176006254323e-11
03-Oct-2019,8.26331798715639e-11,0.00100129333706177,0.00534023113099612,0.0375485001398164,0.320413867859767,0.530977512532716,0.0944553381294938,0.00884475781071232,0.00141849889417084,8.26331798715639e-11
04-Oct-2019,1.06209424704172e-10,0.00100229693025274,0.00501148465126372,0.0359156400007233,0.308790979262033,0.538024639685254,0.10039674251365,0.00935477134902561,0.00150344539537912,1.06209424704172e-10
07-Oct-2019,6.21835894028863e-11,0.00108582167450907,0.00492795990738733,0.0344957193517113,0.300271455373855,0.543119649115019,0.104907078706415,0.00977239507058165,0.00141992065128109,8.70570251640408e-11
08-Oct-2019,8.77431100981615e-11,0.00100229693028976,0.00526205888402125,0.0374190853974844,0.318479849599572,0.532010858123386,0.0954687826100998,0.00893714762841704,0.00141992065124383,8.77431100981615e-11
09-Oct-2019,5.57240303390922e-11,0.00100129333711566,0.0050899077970046,0.0362968834704427,0.311819433400102,0.536401184804001,0.0987108348173188,0.00917852225689355,0.00150194000567349,5.57240303390922e-11
10-Oct-2019,2.26493625452559e-11,0.00108477970621607,0.00475634178879352,0.0338785046710556,0.295393858461913,0.545977970597825,0.107476635508176,0.0099299065415163,0.00150200267014532,3.17091075633582e-11
11-Oct-2019,9.02508586156878e-12,0.00100221322084284,0.00467699503059992,0.0318202697617602,0.281788950593645,0.552762350179028,0.115588591470541,0.010690274355657,0.0016703553680714,1.08301030338825e-11
15-Oct-2019,8.7146731198799e-12,0.00100221322084352,0.00450995949379586,0.0312356453829565,0.277028437794831,0.555100847694707,0.11859523113315,0.0107737921240679,0.00175387313647617,1.04576077438559e-11
16-Oct-2019,9.97466217560565e-12,0.0010012515644336,0.00450563203995119,0.031122236127811,0.276428869414042,0.555527742999908,0.11881518564612,0.0108468919480306,0.0017521902377588,1.19695946107268e-11
17-Oct-2019,9.46252933904189e-12,0.000918082043130744,0.00434002420389079,0.0293786253801838,0.264741476437338,0.561323707370529,0.126111087924596,0.0113508325332528,0.00183616408626149,1.13550352068503e-11
18-Oct-2019,9.34733603430102e-12,0.000918772186239568,0.00417623721017986,0.0287325120060374,0.259093756519558,0.563499686769568,0.130048026725001,0.0117769889327072,0.00175401962827554,1.30862704480214e-11
21-Oct-2019,6.3667608967666e-12,0.000835247442041946,0.00425976195441393,0.027897264564201,0.25408227186916,0.5655042806345,0.133472541238303,0.0121946126538124,0.00175401962828809,8.91346525547325e-12
22-Oct-2019,7.77638710677425e-12,0.00083524744203912,0.00425976195439951,0.0283148882851262,0.256253915217602,0.564585508446343,0.132052620586385,0.0119440384211594,0.00175401962828215,1.0886941949484e-11
23-Oct-2019,8.51757387502212e-12,0.000834445927886814,0.00417222963943407,0.0277036048058422,0.251752336443452,0.566338451256781,0.135180240317664,0.0121829105471475,0.00183578104135099,1.1924603425031e-11
24-Oct-2019,6.35497939825361e-12,0.0010015858442359,0.00400634337694359,0.0271262832813889,0.247308238039247,0.567815708194734,0.138302311991574,0.0126032885399684,0.00183624071443248,1.11212139469438e-11
25-Oct-2019,4.96724020003593e-12,0.000918695452444961,0.00392533511499211,0.0258905082052671,0.236772873425588,0.570718670389331,0.146573683549173,0.0131958074078458,0.0020044264416981,8.69267035006288e-12
28-Oct-2019,2.95903815606619e-12,0.00100221322085458,0.00384181734660924,0.0264751325842419,0.241199315152336,0.569549421634819,0.143065937276992,0.012945254102705,0.00192090867330462,5.17831677311584e-12
29-Oct-2019,4.06775645476993e-12,0.000835247442046554,0.00425976195443743,0.0282313635411735,0.25566924201045,0.564836082683982,0.132386719564379,0.0120275631654704,0.00175401962829776,5.69485903667791e-12
30-Oct-2019,7.27909512418218e-12,0.000917775645557035,0.00442200992859299,0.0300362938545939,0.270076342242557,0.559133953518225,0.122481331607066,0.0111801760458766,0.00175211714151798,8.73491414901861e-12
31-Oct-2019,1.65182454891727e-11,0.00100166944904209,0.00475792988294994,0.0328046744561285,0.290066777951773,0.549415692799588,0.110350584302804,0.0101001669445078,0.00150250417356314,2.31255436848417e-11
01-Nov-2019,1.28066674023069e-11,0.000918657090336569,0.00442625688980347,0.0298981125764083,0.268915984625796,0.559462168014971,0.123350592947919,0.0112744279268579,0.00175379989973345,1.53680008827683e-11
04-Nov-2019,5.53397405986657e-12,0.00100225507390106,0.00392549903944582,0.0267268019706949,0.243297419189482,0.568946796951168,0.141401486676208,0.0127787521922385,0.0019209888916437,9.68445460476651e-12
05-Nov-2019,2.52436461754399e-12,0.000918810557961635,0.00375877046438851,0.0247243568324222,0.227113264281608,0.573003675237892,0.154527230202639,0.0140327430670504,0.00192114934846524,5.04872923508798e-12
06-Nov-2019,3.86381237350887e-12,0.000917584250906948,0.00367033700362779,0.024107440773828,0.222305638969729,0.57407407406742,0.158575241906737,0.0143476810141814,0.0020020020019788,7.72762474701774e-12
07-Nov-2019,1.1734480271662e-12,0.000834411114353106,0.00367140890315367,0.0232800700904517,0.215027744168795,0.574950978345008,0.165213400641915,0.0149359589469206,0.00208602778588276,2.3468960543324e-12
08-Nov-2019,9.4750186125069e-13,0.000835352100907962,0.00350847882381344,0.0223039010942426,0.205997828083903,0.575474062315495,0.173920307409038,0.0158716899172513,0.0020883802522699,2.13187918781405e-12
12-Nov-2019,1.2202196980799e-12,0.000835317211707835,0.00359186401034369,0.023138286764307,0.213005888985498,0.575074134400259,0.167230505783908,0.0151192415319118,0.0020047613080988,2.74549432067978e-12
13-Nov-2019,1.85341416251228e-12,0.000834480744351797,0.00375516334958309,0.0235323569907207,0.218216714647995,0.574665164597865,0.16238995285086,0.0146868611005916,0.00191930571200913,4.17018186565264e-12
14-Nov-2019,3.12152656598364e-12,0.000918196994983055,0.00383973288811095,0.0251252086808999,0.230801335557104,0.5723706176908,0.151335559264025,0.0136894824706564,0.00191986644405548,6.24305313196728e-12
15-Nov-2019,2.86298490230996e-12,0.000918695452450277,0.00392533511501482,0.025472919363394,0.234100304838012,0.57138681253987,0.14874514552854,0.0134463607131359,0.0020044264417097,5.01022357904244e-12
18-Nov-2019,3.58926565729323e-12,0.000918772186250287,0.00384213823341029,0.0252244727497806,0.231363541446663,0.572102735429212,0.151012737521865,0.0136145333053452,0.00192106911670514,7.17853131458646e-12
19-Nov-2019,4.66259611538951e-12,0.000918426985042912,0.00392418802700153,0.0256324622189249,0.235117308170986,0.571261584696691,0.147783251229632,0.0133589379642605,0.00200384069463908,8.15954320193164e-12
20-Nov-2019,7.77460060561159e-12,0.00100120979514776,0.00400483918059103,0.0271160986185851,0.2472153852519,0.567894539222767,0.138333820029582,0.0125985565889426,0.00183555129110422,1.36055510598203e-11
21-Nov-2019,5.2761457974222e-12,0.00100154404705804,0.00383925218038915,0.026207069231352,0.239535951254714,0.570087217785828,0.144305804780279,0.013103534615676,0.00191962609019457,9.23325514548885e-12
22-Nov-2019,5.52291533938248e-12,0.00100225507390109,0.00392549903944593,0.0264762382022204,0.241710515322479,0.569364403231977,0.142654305518588,0.0129457947045557,0.00192098889164375,9.66510184391934e-12
25-Nov-2019,5.85637224285427e-12,0.00100187852221304,0.00384053433515,0.0263828010849435,0.240617825084833,0.569776664570243,0.143435608430168,0.0130244207887696,0.001920267167575,1.0248651424995e-11
26-Nov-2019,7.41517778924894e-12,0.0010008757662751,0.00383669043738788,0.0261895825508651,0.239459527081317,0.570290670992166,0.144209516657471,0.0130947912754325,0.00191834521869394,1.29765611311856e-11
27-Nov-2019,5.35076066666704e-12,0.00100158584423866,0.00383941240291488,0.0263750938982848,0.240630999078339,0.56973541439776,0.143477172187189,0.0130206159751026,0.00191970620145744,9.36383116666732e-12
29-Nov-2019,5.8134533331819e-12,0.00100238065403823,0.00417658605849261,0.0277325314283909,0.251012822115406,0.566219771949843,0.13557198345867,0.012446226454308,0.00183769786573675,9.30152533309104e-12
02-Dec-2019,3.13057389900165e-12,0.000918887310994108,0.00392615487424755,0.0256453094977447,0.233313841782413,0.571464372228245,0.149026814801226,0.0136997744548212,0.00200484504216896,5.00891823840264e-12
03-Dec-2019,1.05294321310398e-11,0.000918848932857107,0.0041765860584414,0.0271478093798691,0.245917387121029,0.567973938087445,0.139163847467267,0.0128638850599995,0.00183769786571421,1.68470914096637e-11
04-Dec-2019,6.60728508909092e-12,0.000917928818776737,0.00400550757284394,0.0254516627024459,0.230400133512961,0.570743105093045,0.152292735842504,0.0141027245793881,0.00208620186085622,1.05716561425455e-11
05-Dec-2019,5.03589030182097e-12,0.000918311975610043,0.00400717952993473,0.0257127353170812,0.231998998201846,0.570396961214147,0.150937095627542,0.0141086112616452,0.00192010685809373,9.06460254327775e-12
06-Dec-2019,3.31737783809456e-12,0.000835317211703942,0.00384245917383814,0.0240571356970735,0.217266006764195,0.572735246204808,0.163805705215143,0.0152027732530118,0.00225535647160064,5.3078045409513e-12
09-Dec-2019,3.69217717324915e-12,0.000835352100902514,0.00392615487424182,0.0246428869766242,0.22245426447034,0.572049118698042,0.159134575221929,0.0147857321859745,0.00217191546234654,5.90748347719864e-12
10-Dec-2019,3.42868007965249e-12,0.000835317211703701,0.00384245917383702,0.0238065405335555,0.216347157831259,0.572902309646983,0.16472455414797,0.0152863049741777,0.00225535647159999,5.48588812744399e-12
11-Dec-2019,5.57456878918054e-12,0.000834515563703168,0.00383877159303457,0.0237836935655403,0.215638821660899,0.573145289151336,0.165150630056857,0.0153550863721383,0.00225319202199855,8.91931006268886e-12
12-Dec-2019,1.83607756070568e-12,0.000834863917177207,0.00358991484386199,0.0229587577223732,0.207046251459947,0.573801970275895,0.173401235597706,0.0161128736015201,0.00225413257637846,3.30493960927022e-12
13-Dec-2019,4.00752975851501e-12,0.000835317211702443,0.003758927452661,0.0233888819276684,0.212254103493591,0.573236436530802,0.168567013321553,0.0156204318588357,0.00233888819276684,6.41204761362401e-12
16-Dec-2019,2.08402327602625e-12,0.000835421888048592,0.00359231411860895,0.0229741019213363,0.207101086047246,0.573684210522968,0.173433583958888,0.0161236424393378,0.0022556390977312,3.75124189684725e-12
17-Dec-2019,1.65372662297462e-12,0.000918848932877324,0.00350833228916796,0.0220523743890558,0.199807877040233,0.573654095139547,0.180929708055662,0.0167063442341332,0.00242241991394931,3.7208849016929e-12
18-Dec-2019,1.09863817811709e-12,0.000917967120083512,0.00342151381122036,0.0216974046565194,0.196278060585129,0.573812901608566,0.184261036467672,0.017191020612473,0.00242009513476562,2.47193590076344e-12
19-Dec-2019,1.12790627726532e-12,0.000918235318666028,0.00333903752242192,0.0212028882673792,0.191493801910897,0.573437956506934,0.189406903459383,0.0176968988688362,0.00250427814181644,2.53778912384696e-12
20-Dec-2019,1.35511028299463e-12,0.000751565762001324,0.00359081419622855,0.0218789144049274,0.19832985386146,0.573695198327677,0.182379958245655,0.0169519832984743,0.00242171189978204,2.43919850939033e-12
23-Dec-2019,1.32082449591693e-12,0.00075109534737882,0.00367202169829645,0.022449405382767,0.203129563946672,0.57379511787812,0.177425412058597,0.0164406426037364,0.00233674108073411,2.37748409265048e-12
24-Dec-2019,1.57244548481487e-12,0.000834863917177823,0.00358991484386464,0.0227082985472368,0.205710469192616,0.573801970276318,0.174737017865318,0.0163633327766853,0.00225413257638012,2.83040187266677e-12
26-Dec-2019,1.64646822115198e-12,0.00083486391717765,0.00367340123558166,0.0232092168975387,0.210135247953615,0.573634997492764,0.170395725495958,0.0159459008180931,0.00217064618466189,2.96364279807356e-12
27-Dec-2019,2.03578690304598e-12,0.000835073068889108,0.00392484342377881,0.0242171189977841,0.21929018789028,0.572526096030373,0.162004175364487,0.014947807933115,0.00225469728600059,3.25725904487357e-12
30-Dec-2019,1.33736039016194e-12,0.000918542023293574,0.00359066427287488,0.0229635505823393,0.209678092771833,0.572961462984441,0.171850862176198,0.015865725856889,0.00217109932778481,3.00906087786436e-12
31-Dec-2019,1.01505848065794e-12,0.000834411114353503,0.00342108556884936,0.021444365638885,0.195335641870155,0.572948391670832,0.186324001835137,0.0171888689556822,0.00250323334306051,2.03011696131588e-12
02-Jan-2020,1.67934742369375e-12,0.000834794223219419,0.00333917689287768,0.0208698555804855,0.190082644627062,0.572668837128521,0.191919191918144,0.0178645963768956,0.00242090324733632,3.77853170331095e-12
03-Jan-2020,3.81121504942071e-12,0.000835247442045159,0.00359156400079418,0.0222175819584012,0.20271455418436,0.573021507615081,0.178659427853459,0.0166214240966987,0.00233869283772644,7.62243009884142e-12
06-Jan-2020,3.4522694916754e-12,0.000918848932871953,0.00367539573148781,0.0234724136488199,0.213674142753314,0.572651714482152,0.167982291273227,0.015536900137653,0.00208829302925444,7.76760635626965e-12
07-Jan-2020,2.82365420433513e-12,0.00091884893287383,0.00367539573149532,0.0238900722547196,0.216764816437054,0.57231758759864,0.165142212753778,0.0152027732530034,0.0020882930292587,6.35322195975404e-12
08-Jan-2020,1.81315982346228e-12,0.00091796712008138,0.00350496536758345,0.0229491780020345,0.208044730032989,0.573145289156265,0.173245431026268,0.0160226988232386,0.0021697404656469,4.07960960279014e-12
09-Jan-2020,2.25097461634683e-12,0.000918235318662676,0.00358946533659046,0.0230393589046271,0.210192412035693,0.57293710087648,0.171376100837679,0.015776952293386,0.00217037438956632,5.06469288678037e-12
10-Jan-2020,3.00714109051731e-12,0.000918810557959614,0.00359171399929667,0.0233879051116993,0.212161710656129,0.572669562306465,0.16956231205982,0.0155362512527717,0.00217173404608636,6.76606745366395e-12
13-Jan-2020,2.50675584459704e-12,0.000835282325419713,0.00350818576676279,0.0221349816236224,0.201135983961067,0.573170731703007,0.180170397593032,0.0166221182758523,0.00242231874371717,5.01351168919408e-12
14-Jan-2020,3.41094464279504e-12,0.000835282325417447,0.00350818576675328,0.0221349816235623,0.201135983960521,0.573170731701452,0.180170397592543,0.0166221182758072,0.0024223187437106,6.82188928559008e-12
15-Jan-2020,4.72418964265081e-12,0.000917622523447851,0.00358706986438705,0.0234410844626224,0.212554744522284,0.572888425434374,0.168925964543809,0.0155995828986135,0.00208550573510875,1.06294266959643e-11
16-Jan-2020,3.62926474471362e-12,0.00091792881878168,0.00367171527512672,0.0234489089161502,0.213627070552827,0.57274585888255,0.167980973837047,0.0155213418448539,0.00208620186086745,8.16584567560565e-12
17-Jan-2020,2.77050910181973e-12,0.000918848932873989,0.00359186401032559,0.0233053502065312,0.211084659397506,0.572735246204591,0.17048824290871,0.0157039635800282,0.00217182475042943,6.23364547909439e-12
21-Jan-2020,4.92807172133179e-12,0.000918772186246596,0.00375861348919062,0.02405512633082,0.218834829815098,0.571935685938506,0.163290874919281,0.0150344539567625,0.00217164334931014,9.85614344266357e-12
22-Jan-2020,5.44657939125023e-12,0.00100133511346828,0.00375500667550607,0.0250333778367071,0.226552069422199,0.5709279038625,0.156291722293841,0.0143524699597121,0.00208611481972559,1.08931587825005e-11
23-Jan-2020,9.99922349287865e-12,0.000834759380586837,0.00392336908875814,0.0254601611078985,0.230310113103908,0.570098918971781,0.153261822275743,0.0141074335319176,0.00200342251340841,1.59987575886058e-11
24-Jan-2020,1.49575649261752e-11,0.000835352100878047,0.00409322529430243,0.0263971263877463,0.23782474311998,0.568290034227336,0.147021969754536,0.0136162392443122,0.00192130983201951,2.39321038818804e-11
27-Jan-2020,3.70804979278492e-11,0.00100229693037645,0.00434328669829796,0.0296512841903034,0.263437043200611,0.55974107324315,0.12812695759979,0.0119440384203194,0.00175401962815879,5.19126970989888e-11
28-Jan-2020,2.49055801920133e-11,0.000918772186205261,0.00417623721002392,0.0280643140513607,0.250407183113034,0.564418458934732,0.137481728953987,0.0126122363742722,0.001921069116611,3.48678122688186e-11
29-Jan-2020,4.28236103186333e-11,0.000917852225697314,0.00442237890563251,0.0290375067766059,0.259418415426632,0.561433518236761,0.130919103829008,0.0120155200454921,0.00183570445139463,5.99530544460866e-11
30-Jan-2020,5.41341183055048e-11,0.000918196994872359,0.00417362270396527,0.027879799662488,0.249248747880806,0.565025041662818,0.138063439047171,0.0127712854741337,0.00191986644382402,7.57877656277068e-11
31-Jan-2020,9.57835816824888e-11,0.000918772186048971,0.00442681144187232,0.0288160367442632,0.25775736055883,0.561829191768946,0.132219670046866,0.0121946126511954,0.00183754437209794,1.34097014355484e-10
03-Feb-2020,7.92883272953062e-11,0.00100229693027492,0.00451033618623715,0.030403006885006,0.269116725778816,0.557318855604951,0.12436834409828,0.0116099394423512,0.00167049488379154,1.11003658213429e-10
04-Feb-2020,3.84781808075869e-11,0.000918772186175333,0.00442681144248115,0.0288995614924241,0.258258509059466,0.561745667102018,0.131802046344061,0.0121110879086748,0.00183754437235067,5.38694531306217e-11
05-Feb-2020,2.27856627492463e-11,0.000917890520644064,0.0041722296392912,0.0280373831760369,0.250333778357472,0.564586114788885,0.137433244318252,0.0126001335106594,0.00191922563407395,3.18999278489448e-11
06-Feb-2020,2.7506540486797e-11,0.000918158674452137,0.00408997954983225,0.0274612912631594,0.245983055782768,0.565961353829338,0.140728684102391,0.0128542214423299,0.00200325528971375,3.85091566815158e-11
07-Feb-2020,4.55172697106158e-11,0.000918772186159812,0.00425976195401367,0.0279807893057761,0.251075381054218,0.564167884674222,0.137064105226205,0.0126122363736483,0.00192106911651597,6.37241775948621e-11
10-Feb-2020,6.0285520186337e-11,0.000918772186127247,0.0041762372096693,0.0276466903280108,0.248319064486937,0.565170181584547,0.138985174337794,0.0128628106057815,0.00192106911644788,8.43997282608718e-11
11-Feb-2020,4.67162165597957e-11,0.000918772186157168,0.00417623720980531,0.0279807893056956,0.249822509890554,0.564669033137776,0.137815827923575,0.0126957611178081,0.00192106911651044,6.5402703183714e-11
12-Feb-2020,2.9278089142684e-11,0.000917622523392087,0.00400417101116547,0.0271115745547662,0.243253388928302,0.566965589112211,0.142732012502169,0.0131803962450863,0.00183524504678417,4.68449426282944e-11
13-Feb-2020,3.43009535611527e-11,0.000834480744282403,0.00417240372141202,0.0269537280403216,0.242750448511751,0.567071389777107,0.143113447644432,0.0132682438340902,0.00183585763742129,5.48815256978443e-11
14-Feb-2020,4.2482451596627e-11,0.000835247441969548,0.00434328669824165,0.0276466903291921,0.24823553975335,0.565086656864498,0.139152223832127,0.0126957611179371,0.00200459386072692,5.94754322352778e-11
18-Feb-2020,6.13216494839235e-11,0.000835282325303064,0.00442699632410624,0.0280654861301829,0.252171734008995,0.563899097812098,0.136151019024399,0.012529234879546,0.00192114934819705,8.58503092774929e-11
19-Feb-2020,5.50966924859028e-11,0.000917852225670278,0.00442237890550225,0.0291209478871752,0.260002503198962,0.56118319488595,0.130501898268029,0.0120155200451382,0.00183570445134056,7.7135369480264e-11
20-Feb-2020,8.81838652322472e-11,0.00100162764471101,0.00442385543080698,0.030132298311723,0.2667668293747,0.558449146411587,0.125871207352017,0.0116021868845692,0.00175284837824427,1.23457411325146e-10
21-Feb-2020,1.66842429755484e-10,0.00100225507351499,0.00459366908694369,0.0312369497912171,0.274951975167611,0.554664661934419,0.12068821510243,0.0111918483209174,0.00167042512252498,2.33579401657678e-10
24-Feb-2020,3.57454526839096e-10,0.00108573098841415,0.00484403056369389,0.0333235895674804,0.290224244979936,0.547166659276561,0.11132918519662,0.0103562032741042,0.001670355366791,4.28945432206915e-10
25-Feb-2020,7.31791740896903e-10,0.00108591237350272,0.00517896670439761,0.0370045524201313,0.313578080779171,0.533892995018666,0.0984838991045933,0.00943908447736983,0.00133650753661874,8.53757031046387e-10
26-Feb-2020,7.28869557250459e-10,0.0010013768916468,0.00525722868114568,0.0365502565451081,0.311177869079242,0.535444568770973,0.0998038968674641,0.00934618432203677,0.0014186172631663,8.50347816792202e-10
27-Feb-2020,9.76275416705465e-10,0.00108509661321454,0.00550895203631999,0.0389800091054763,0.326447142637083,0.525645840132199,0.0921497431529889,0.00876424187596362,0.00141897249420363,9.76275416705465e-10
28-Feb-2020,5.12941353572063e-09,0.00125328987309334,0.00584868607443557,0.0432802769508232,0.349584321934835,0.509128122779616,0.0817144997256855,0.00793750252959113,0.00125328987309334,5.12941353572063e-09
02-Mar-2020,6.29019330796669e-09,0.0011697372121715,0.005681580744833,0.0411914604000392,0.338638922923649,0.517149176766821,0.0865605537006909,0.00827171314321274,0.001336842528196,6.29019330796669e-09
03-Mar-2020,1.31712103010191e-08,0.00116978606544169,0.00568181803214534,0.0413602930281168,0.339154402830558,0.516794772482631,0.0862299442525587,0.00827205860562336,0.00133689836050479,1.31712103010191e-08
04-Mar-2020,1.26879873832805e-08,0.00108473442113666,0.00550711321500152,0.038716674723647,0.325170003013044,0.526555120352531,0.0927030724525255,0.00884475758772971,0.00141849885840948,1.26879873832805e-08
05-Mar-2020,3.53376075414049e-08,0.00125198222420631,0.00625991112103155,0.0465737387404747,0.366914257174062,0.495868426267312,0.0745346750810823,0.00734496238201035,0.00125198222420631,2.94480062845041e-08
06-Mar-2020,2.05215127725573e-07,0.00142027607818409,0.00726847169423622,0.0567274974757056,0.411211697460123,0.45720357869779,0.0590667757221265,0.00593174126771002,0.00116963912321043,1.17265787271756e-07
09-Mar-2020,1.5214409882864e-06,0.00200517598077436,0.0116133108886515,0.101428485027503,0.520426716010147,0.330519840830974,0.0298269927140187,0.00342550896715621,0.000751940992790387,5.07146996095466e-07
10-Mar-2020,1.10462218935913e-07,0.00208881613048141,0.0111125018141611,0.0971717263899953,0.513765215453208,0.340268147655422,0.0312486893120019,0.00375986903486654,0.000584868516534795,5.52311094679563e-08
11-Mar-2020,1.1527697883947e-07,0.00200258632817629,0.0109307837079623,0.0940381163272783,0.509324456132837,0.346906360808039,0.03237514563885,0.00375484936533055,0.000667528776058764,5.76384894197349e-08
12-Mar-2020,5.36187322933753e-08,0.00250427796726653,0.0146082881423881,0.133060635994095,0.553028051104693,0.271839373346782,0.0216202664507344,0.0028381816962354,0.000500855593453307,1.60856196880126e-08
13-Mar-2020,2.49905603526532e-08,0.00233957211455708,0.0128676466300639,0.115223926641936,0.53743313717254,0.302723920394296,0.0256517371131794,0.00309157743709328,0.000668449175587736,8.33018678421772e-09
16-Mar-2020,3.24506516448532e-07,0.00317553049041444,0.0201395486365758,0.186102800056657,0.568085691416773,0.205448466070629,0.014540586982424,0.00208916479632529,0.000417832959265058,5.40844194080886e-08
17-Mar-2020,1.2851134874608e-08,0.00359366506726723,0.0226484472844051,0.201913832616689,0.562450369830429,0.193013243554736,0.0139567922379913,0.00192219294295689,0.000501441637293101,1.97709767301662e-09
18-Mar-2020,3.13598647575669e-09,0.00425745052342205,0.0284664829115082,0.243509474055336,0.548376323301166,0.162033558156122,0.0112697219737643,0.00166958844055767,0.000417397110139417,3.91998309469587e-10
19-Mar-2020,5.57933855694074e-09,0.00467719031577709,0.0314875133758565,0.265263507909072,0.538294492592559,0.148250228759006,0.0101060719323041,0.00158690385713865,0.000334085022555506,6.56392771404793e-10
20-Mar-2020,3.30002782240893e-08,0.0033432235676686,0.0203936637627784,0.179196783227037,0.560324269941257,0.217267741603863,0.0166325372491513,0.00242383708655973,0.000417902945958574,7.61544882094369e-09
23-Mar-2020,2.53295739913246e-07,0.00317619426224951,0.0189735815139642,0.167418871244362,0.558759437977314,0.230608420251221,0.0180541568591025,0.00250752178598645,0.00050150435719729,5.8452863056903e-08
24-Mar-2020,9.54206270280167e-08,0.00275769824028193,0.0158776565349565,0.137467078947387,0.546692784482556,0.270714043921009,0.0228972520556742,0.00292483146696568,0.000668532906735012,2.60238073712773e-08
25-Mar-2020,6.72655478448334e-08,0.00242019589142656,0.0132693498874767,0.112580836466704,0.525182508439564,0.313498822970478,0.0287919856049022,0.00358856632177042,0.000667640245910775,2.69062191379334e-08
26-Mar-2020,1.03749811002102e-07,0.00242100394771947,0.0131902973703337,0.112367976332083,0.524856959286631,0.313937425703416,0.0289685644778847,0.00358976447420473,0.000667863157991578,4.1499924400841e-08
27-Mar-2020,3.0981765770956e-07,0.00250699761731988,0.0137049203080154,0.117076788728839,0.529645029952447,0.30531052649594,0.0276605403777627,0.00342623007700384,0.000668532697951969,1.23927063083824e-07
30-Mar-2020,4.11734166356682e-07,0.00259078037648856,0.0149596673352081,0.128536136098045,0.540386642399195,0.285027628194008,0.0247377739174392,0.00317579530021178,0.000585014923723223,1.49721515038793e-07
31-Mar-2020,1.23223370904554e-06,0.00478046669551876,0.0181154527409132,0.124208266246724,0.546398956514117,0.272193064215897,0.0270054434378428,0.00561914506315363,0.00167735673526974,6.16116854522772e-07
01-Apr-2020,2.8352343858829e-06,0.00468891955544471,0.0179183711583066,0.12500994457641,0.552036546947268,0.267603337485737,0.0257053268485987,0.0052750344998753,0.00175834483329177,1.33886068222248e-06
02-Apr-2020,2.317066891578e-06,0.00402042270113722,0.0149090675167172,0.0966576624398407,0.518969563671796,0.324230339085462,0.0330009696718347,0.00628191047052691,0.00192645254429492,1.29483149823476e-06
03-Apr-2020,2.31490974244975e-06,0.00385645782840997,0.0143359627969153,0.0906267589676344,0.507794892753896,0.339535960979574,0.0352949727339261,0.00662304714009539,0.00192822891420499,1.4029756014847e-06
06-Apr-2020,1.3255824535426e-06,0.00368879126118903,0.0129946055791886,0.0788059951254021,0.481303423420142,0.3729032620402,0.0408282123681604,0.00737758252237807,0.00209590412567559,8.9797521046434e-07
07-Apr-2020,7.35507249671898e-07,0.00360118478694978,0.0125622725126155,0.0747036472083536,0.470750225289412,0.385368646445335,0.0432142174433974,0.00753736350756931,0.00226120905227079,4.98246846551931e-07
08-Apr-2020,5.2831485624754e-07,0.00368833232591884,0.012573860201996,0.0750240325385763,0.471184454636131,0.384634383579059,0.0430864276255064,0.00754431612119762,0.00226329483635929,3.69820399373278e-07
09-Apr-2020,8.35287524728064e-07,0.00352097406975464,0.0120719110963016,0.0704194813950928,0.457391298204317,0.400175469570804,0.0461079937705964,0.00804794073086774,0.00226348333055655,6.1254418480058e-07
13-Apr-2020,5.66103144542285e-07,0.00326947744740977,0.0114850874434651,0.06513805068301,0.439618967544021,0.419205691686476,0.0503834857921351,0.00838327550617889,0.00251498265185367,4.15142305997676e-07
14-Apr-2020,6.03577718501108e-07,0.00326947711708813,0.0111497552967364,0.0624553962110425,0.429475160790833,0.429517077164129,0.0529822958461461,0.00863477289897634,0.0025149823977601,4.78699569845707e-07
15-Apr-2020,2.37621777698091e-06,0.00376677870369286,0.0126396352057249,0.0762563422014265,0.475116353825793,0.380319089782856,0.04218792148136,0.00736614502055492,0.00234377341563111,1.58414518465394e-06
16-Apr-2020,3.2165902373217e-06,0.0040199117883515,0.0146559283950315,0.0941329343772311,0.514716205233507,0.330260877861753,0.0338342575519585,0.00636486033155655,0.00200995589417575,1.85197619724583e-06
17-Apr-2020,2.27996131484433e-06,0.00436112025467459,0.0153477885885664,0.0977897349413572,0.52459244601903,0.318152109348232,0.0315342541491855,0.00620620959319077,0.00201282473292673,1.23241152153748e-06
20-Apr-2020,4.27354195710575e-06,0.0051230042522023,0.0170486862819191,0.110018615907951,0.551772753065067,0.281849217547392,0.0262868906711364,0.0058788573385928,0.00201560823037467,2.093163407562e-06
21-Apr-2020,6.89971796368921e-06,0.00487123803309374,0.016881359390549,0.106159394376388,0.54725839695929,0.289628695812479,0.0272957303578529,0.00587908038476831,0.00201568470334913,3.52026426718837e-06
22-Apr-2020,3.9785654633713e-06,0.00444516190288085,0.0146774213774368,0.0853806569270321,0.511948457644994,0.340935530853031,0.0335483917198554,0.00687742030257036,0.0021806454617906,2.33524494589185e-06
23-Apr-2020,5.38110914181027e-06,0.00470050901605049,0.0147730283361587,0.0863718531699277,0.518231119019566,0.333862046631086,0.0327356877903516,0.00696682586307483,0.00235025450802524,3.29455661743486e-06
24-Apr-2020,5.39397649276177e-06,0.00428513609571047,0.0135275864982232,0.0743597146020346,0.487917358976288,0.371420472766434,0.0382301357558483,0.00764602715116966,0.00260469056798087,3.48360981824198e-06
27-Apr-2020,2.77497935282855e-06,0.00436880952062271,0.0131064285618681,0.071245201413232,0.478216611372779,0.382564887541452,0.0399914102272387,0.0078974633642026,0.00260448259883277,1.93042041935899e-06
28-Apr-2020,4.87600219119117e-06,0.00428531978157853,0.0136121922473671,0.0749510832385892,0.489534765636794,0.369545811752595,0.0378116451315753,0.00764635490438522,0.00260480222017519,3.14908474847763e-06
29-Apr-2020,4.66431296317959e-06,0.00427938816775588,0.0134255315066851,0.0739243328586848,0.486927245833085,0.372768273240304,0.0383466743659693,0.00771968061634393,0.00260119672942024,3.01236878872015e-06
30-Apr-2020,3.81978436202819e-06,0.00444833362886162,0.0140164474720734,0.0788949737949043,0.500311637012154,0.356496171482825,0.0359223923236373,0.00730198161718795,0.00260185551876812,2.38736522626762e-06
01-May-2020,4.14535425686143e-06,0.00445356424519627,0.0143690469043125,0.0813405696103771,0.506697969783651,0.348680468593244,0.0347882188209671,0.00731056772324671,0.00235282639368859,2.62257106046335e-06
04-May-2020,4.14623567563689e-06,0.00445281603910543,0.0140305712930303,0.078890457749434,0.50031168892213,0.356435321620845,0.0358745745037362,0.00747737032981856,0.0025204619089276,2.59139729727306e-06
05-May-2020,3.56049786641031e-06,0.00453093535545496,0.0140123371177959,0.0792074625101756,0.501507418880635,0.355174988141497,0.0356601393716363,0.00729984029489966,0.00260109251887229,2.22531116650645e-06
06-May-2020,1.96973720838058e-06,0.00444872050094141,0.0141016046067577,0.0803287833849232,0.504132364691587,0.351994517371657,0.0351700733942349,0.00730261667135665,0.00251814367977816,1.20596155615137e-06
07-May-2020,5.41872533487648e-06,0.00453701295909403,0.0144512264622995,0.0831785709167239,0.510581995415082,0.343468684755119,0.0341956347102087,0.00714159447264802,0.0024365439965505,3.3175869397203e-06
08-May-2020,2.89864994115715e-06,0.00453703122529555,0.0140311891597103,0.0795660846362016,0.501846064975747,0.354476569250406,0.0356240970282466,0.00739368051529645,0.00252057290294197,1.81165621322322e-06
11-May-2020,2.09017195845795e-06,0.00436899858142468,0.0136111109652077,0.0759533599539983,0.492352532445166,0.366239708008273,0.0373045263490877,0.00764574751749319,0.00252057610466809,1.34990272317076e-06
12-May-2020,3.11088121837266e-06,0.00453722044808401,0.014367864752266,0.0824261714735262,0.509260983996985,0.345458923561063,0.0342812211633014,0.00722594367657824,0.0024366554258229,1.90462115410571e-06
13-May-2020,4.77676162148943e-06,0.00453111746982995,0.0147680865683347,0.0854199552645721,0.516295662812291,0.336351562552099,0.033228194778753,0.00688058578751955,0.00251728748323886,2.77052174046387e-06
14-May-2020,5.71549423759329e-06,0.00461695672919262,0.0150260955368269,0.0882258458614808,0.522135833737784,0.328685346784613,0.0321508077687413,0.00688346275988718,0.00226650603069456,3.42929654255598e-06
15-May-2020,4.32408682960894e-06,0.00462084549756266,0.0142826133561028,0.0818309729932006,0.507536866377746,0.347361558357688,0.0346983489180615,0.00714130667805139,0.00252046118048873,2.70255426850559e-06
18-May-2020,1.75889728153175e-06,0.00436900058067081,0.0130229825000765,0.0709122401939648,0.477145274954415,0.383799897163544,0.0401611976453971,0.00798182798391783,0.00260459650001529,1.2235807175873e-06
19-May-2020,2.32145133228814e-06,0.00436899677900263,0.0135270861811427,0.0738528493989098,0.486891083352312,0.372709032916455,0.0383127409851,0.00772976353208157,0.00260459423363618,1.53117002767941e-06
20-May-2020,2.86625545617967e-06,0.00436166308262377,0.013001111111667,0.0703737562754105,0.47617617923183,0.385168401450161,0.0403453835142699,0.00788454480320451,0.00268410035853771,1.99391683908151e-06
21-May-2020,3.16390035408708e-06,0.00436294222948619,0.0132566321588234,0.0725758659327991,0.482944143710048,0.377268648747782,0.0391825773301933,0.00771905163678326,0.00268488752583765,2.08682789312127e-06
22-May-2020,4.24748499388087e-06,0.00428532421449696,0.013528180363412,0.0744470049812609,0.487770726767742,0.371478791221393,0.038147788105522,0.00773038877909255,0.00260480491469423,2.74316739188139e-06
26-May-2020,2.6890605896701e-06,0.00428497499600813,0.0131910014582996,0.0720043837564504,0.480505333375893,0.379934449646055,0.0394889852573299,0.00789779705146597,0.00268861176220118,1.77363570808028e-06
27-May-2020,3.27359735327995e-06,0.00411157796357876,0.0129221021712475,0.0683864498023815,0.469810714654643,0.392403966258696,0.0415353284075814,0.00813924617279877,0.00268511213948001,2.22883224053103e-06
28-May-2020,2.5312678732758e-06,0.00394508714338025,0.0122549515517769,0.0629535182454295,0.449236306199385,0.414443995115744,0.0457462232583454,0.00856167848137841,0.00285389282712614,1.81590956126307e-06
29-May-2020,4.12754684069659e-06,0.00420094484702969,0.0126028345410891,0.0666269852738909,0.463196178833494,0.399425836055583,0.043017675233584,0.00823385190017819,0.002688604702099,2.96106621180407e-06
01-Jun-2020,3.58854643057286e-06,0.00403307966266052,0.0120152164950095,0.0614204423626008,0.443050605441852,0.420910678543705,0.0469685735714006,0.00882236176206988,0.0027727422680791,2.71134619198838e-06
02-Jun-2020,3.00002854286448e-06,0.0041165878515984,0.012097727563881,0.0624209137497472,0.447447895869655,0.416279444993267,0.0461225863372964,0.00865323568805378,0.00285640789702746,2.20002093143395e-06
03-Jun-2020,1.27105955112078e-06,0.0040273433606903,0.0116625151486657,0.0590677026234577,0.433107217247569,0.431051594073883,0.049167150195094,0.00897761957487211,0.00293660453383667,9.82182380411514e-07
04-Jun-2020,7.16195385260141e-07,0.00394476805070959,0.0110789230360355,0.0547231652992054,0.412605951857199,0.451256285630641,0.0537999217128692,0.00948422956872732,0.00310545569949479,5.82949732188487e-07
05-Jun-2020,2.85863753615441e-07,0.00369701099368745,0.0105868951182868,0.0496575794833929,0.385917533954693,0.475948153948695,0.060664589487326,0.0104188491640283,0.00310885015378263,2.51832354375508e-07
08-Jun-2020,3.76348237712859e-07,0.00352896443880933,0.0102508014651128,0.0471368821469532,0.370709312000637,0.489307724033479,0.0649497502666574,0.0107549392420856,0.00336091851315174,3.31544876080376e-07
09-Jun-2020,6.37812976010749e-07,0.00369700864941217,0.010922980100536,0.0517581210917704,0.397596475659509,0.465360963744757,0.0575557028374395,0.00999872793818291,0.00310884818246023,5.33982956660162e-07
10-Jun-2020,1.46794085177841e-06,0.00369172990207133,0.0108234808492546,0.0513486068197194,0.395686323140191,0.467213589992823,0.0579769400529838,0.00998445132605655,0.00327221514047231,1.19483557702894e-06
11-Jun-2020,3.39184811331402e-06,0.00361084046824666,0.0110004674730305,0.0571856362529297,0.424903552775072,0.434014626979834,0.0549183643310074,0.01083252140474,0.00352686743410139,3.73103292464542e-06
