Date,-3.0%,-2.0%,-1.0%,0.0%,1.0%,2.0%,3.0%,4.0%,5.0%,6.0%
03-Sep-2019,5.30080874276868e-20,0.00112903501719212,0.00509776416853414,0.0360949073678088,0.291119968523872,0.50668012385172,0.130796996082591,0.0232991771729648,0.00578202781531724,3.52125152198205e-19
04-Sep-2019,3.92559375394895e-20,0.00112864887049609,0.00506181917677035,0.0357063460847855,0.289070916770696,0.507669682097235,0.132017716367119,0.0235648203567214,0.00578005027617696,2.63575580622286e-19
05-Sep-2019,6.79291553385467e-21,0.00106001025816379,0.00478714310138485,0.0330654812788511,0.273277483330484,0.514173362968029,0.142314925628313,0.0252350829201573,0.00608651051461788,4.80356169894009e-20
06-Sep-2019,1.47367098691552e-20,0.00106049980329439,0.00496040230573183,0.0343465097583087,0.280861399517644,0.511109590681286,0.137283410020013,0.024391495475771,0.00598669243795221,1.01051724817064e-19
09-Sep-2019,2.53104774390696e-21,0.00102658864592958,0.00475652739280704,0.0325086404544366,0.269753276528762,0.515347500256647,0.14474899907607,0.0256304965267084,0.00622797111863943,1.78981233319135e-20
10-Sep-2019,4.64289430118272e-22,0.000992487723525775,0.00465442518618984,0.0315200411505944,0.263180365307352,0.517616742651869,0.149283843104118,0.0264549313891526,0.00629716348719802,3.38268013371884e-21
11-Sep-2019,3.07383480596455e-22,0.00102629013222038,0.00465251526606572,0.0318149940988317,0.265193370165746,0.516993654106016,0.147854198381883,0.0261703983716197,0.00629457947761832,2.21755225287443e-21
12-Sep-2019,1.16950818929083e-22,0.000957543217687191,0.00454833028401416,0.0305045910777491,0.256689978284288,0.519655284441633,0.153925072243216,0.0272215857599644,0.0064976146914488,8.60423882121111e-22
13-Sep-2019,1.27101650128863e-23,0.000958264172898236,0.00420951761666011,0.0278581084549701,0.238128646965212,0.523845377230959,0.168312257225483,0.0297061893598453,0.00698163897397286,1.06569845108046e-22
16-Sep-2019,4.87410098560167e-23,0.000958378970427163,0.00431270536692223,0.0285117743702081,0.242983296823658,0.522898411829135,0.164464676889376,0.0289909638554217,0.00687979189485214,4.01176004199522e-22
17-Sep-2019,8.77523114887473e-23,0.000992606790799562,0.00431270536692223,0.0289567360350493,0.245926889375685,0.522248083242059,0.162205640744797,0.0286144578313253,0.00674288061336254,7.22269025330459e-22
18-Sep-2019,1.37018044790438e-22,0.00102630768704458,0.00458417433546577,0.0316444870172078,0.263658444801752,0.51749854606411,0.148951455646403,0.0263418973008108,0.00629468714720673,9.98274326330335e-22
19-Sep-2019,2.35969335923515e-22,0.00102588653694901,0.00461648941627056,0.0317682864275211,0.264644530314947,0.517217795711794,0.148172212153336,0.0262626953458947,0.00629210409328728,1.7023502091625e-21
20-Sep-2019,6.09251910977594e-22,0.00102643041203825,0.00468736554830801,0.0321614862438652,0.267214050600624,0.516209132459305,0.146505834144926,0.0259344750774998,0.00626122551343332,4.35179936412567e-21
23-Sep-2019,7.26682194778441e-22,0.000992470910335387,0.00455167693360712,0.031006160164271,0.259719370294319,0.518651608487337,0.151813826146475,0.0267967145790554,0.00646817248459959,5.2943988476715e-21
24-Sep-2019,3.24005576240528e-21,0.00102655351765672,0.00482480153298659,0.0336025184779633,0.276348206953189,0.512934574322475,0.140295647413085,0.0248768135778812,0.00609088420476321,2.09523605968875e-20
25-Sep-2019,5.66803106796312e-22,0.00106040911267702,0.00475473763426148,0.0330437162208387,0.272730382431416,0.514332626393925,0.142676335773415,0.0252787849763973,0.00612300745707053,4.00810768377392e-21
26-Sep-2019,3.76881704157014e-22,0.000545963283969153,0.00351463864055142,0.0327236743329011,0.28601651538934,0.509861461816693,0.140687913737801,0.0223162492322391,0.00433358356650515,3.54268801907593e-21
27-Sep-2019,4.7454678585281e-22,0.000580333422033314,0.00375509861315674,0.0348882798422381,0.29856447700608,0.506238669630008,0.131701549541443,0.0203458070312856,0.00392578491375477,4.08110235833416e-21
30-Sep-2019,5.80880998344521e-22,0.000614586178639716,0.00375580442502049,0.0358508604206501,0.303127560775744,0.504097241190931,0.12875580442502,0.0199740508057908,0.00382409177820268,4.87940038609397e-21
01-Oct-2019,6.83023541978487e-22,0.000614575581785414,0.00375573966646642,0.0357136699193079,0.302644330941439,0.504344793290064,0.129095015262814,0.0199737064080259,0.00385816893009732,5.73739775261929e-21
02-Oct-2019,1.13242925086959e-21,0.000614323987645262,0.00392484769884473,0.0370642139212641,0.309858193546185,0.500861760038225,0.124639511271139,0.0192829473899763,0.00375420214672105,9.28591985713065e-21
03-Oct-2019,3.53974503913705e-21,0.000579828779972032,0.00412701661038917,0.0390190661345885,0.319622088065759,0.495821822026672,0.118830792318974,0.0183839830826427,0.00361540298100208,2.30083427543908e-20
04-Oct-2019,5.95589146928981e-21,0.000614334366154545,0.00392491400598737,0.0370989697783328,0.309829298663942,0.500853327499432,0.124675746642364,0.0193174028468596,0.00368600619692727,5.00294883420344e-20
07-Oct-2019,2.77477757784506e-21,0.000614449706523459,0.00378910652356133,0.0360135800212361,0.304152604729112,0.503627045413466,0.128181035999755,0.0197989349879781,0.00382324261836819,2.33081316538985e-20
08-Oct-2019,3.93166087104514e-21,0.000580412775909456,0.00409703135936086,0.0388535140579389,0.318646613974291,0.496235852438587,0.119496747981359,0.0185049249731132,0.00358490243944076,2.62110724736342e-20
09-Oct-2019,1.63575832677792e-21,0.000579858446320457,0.00402489980387141,0.0382024388164066,0.315511213439072,0.498047241408715,0.121224524601347,0.0187260168841136,0.00368380660015349,1.09050555118528e-20
10-Oct-2019,3.00594931362909e-22,0.000614103815273478,0.00378697352751978,0.0359933069507511,0.304151972953503,0.503735883501777,0.128074762363147,0.0198219064818828,0.00382109040614609,2.52499742344844e-21
11-Oct-2019,5.36572676618155e-23,0.000580482042531919,0.00358533026269715,0.033770396474357,0.291845883383548,0.509151214035509,0.135935235959975,0.0211022295461604,0.00402922829522156,4.72183955423976e-22
15-Oct-2019,3.92753043280837e-23,0.000546326805866184,0.0035511242381302,0.0329161900534376,0.287231318184146,0.511105799600499,0.138971881242211,0.0215457634063476,0.00413159646936302,3.45622678087137e-22
16-Oct-2019,4.38250206267046e-23,0.000546112362618609,0.00358386237968462,0.0330397979384258,0.288279063417298,0.51071745511639,0.138302955833163,0.0214349102327804,0.00409584271963957,3.85660181515001e-22
17-Oct-2019,3.12719843721684e-23,0.00051180565033438,0.00324143578545107,0.0310836631636413,0.2827555616214,0.51474000272963,0.141428961375734,0.0220417633410673,0.00419680633274191,3.59627820279937e-22
18-Oct-2019,2.64001354942063e-23,0.000512137662603708,0.00310696848646249,0.0298746969852163,0.275086209839872,0.517463894294786,0.146778654102223,0.0228413397521254,0.00433609887671139,3.16801625930476e-22
21-Oct-2019,1.18881080895095e-23,0.000478076765469198,0.00307335063515913,0.0289236443108865,0.269498702363065,0.519362109001502,0.150696626143969,0.023494058188772,0.00447343259117607,1.42657297074114e-22
22-Oct-2019,2.11482226858187e-23,0.000478084928372633,0.00307340311096693,0.0288216913961787,0.269025218979972,0.519524646985504,0.151006539518842,0.023596906107535,0.00447350897262964,2.53778672229825e-22
23-Oct-2019,2.48584529638043e-23,0.000477913484346029,0.00303816429334261,0.0285041256734953,0.266982954362164,0.52020899839404,0.152488538183837,0.0238274008623949,0.0044719047463807,3.04516048806603e-22
24-Oct-2019,2.01426723963752e-23,0.000477742326263884,0.00293470286133529,0.0278455527308093,0.262382910474501,0.521643433602348,0.155812247265778,0.0243307341875821,0.00457267655138289,2.5178340495469e-22
25-Oct-2019,1.0438535742381e-23,0.000443913266177224,0.00283421546866997,0.0262933242274202,0.251903704968414,0.52422742018098,0.163803995219396,0.0257128222639577,0.00478060440498549,1.35700964650953e-22
28-Oct-2019,3.5954167694364e-24,0.000443981489387135,0.0028688034698861,0.026570584518707,0.25388910708492,0.523778623998907,0.162258158159868,0.0254094021618483,0.00478133911647684,4.58415638103141e-23
29-Oct-2019,4.39107620659948e-24,0.000478093091554827,0.00303930608202712,0.0285148379605915,0.266980842126831,0.520165283611652,0.15251169620599,0.0238363555646621,0.0044735853566916,5.37906835308437e-23
30-Oct-2019,1.64632091701645e-23,0.00051201529219006,0.00317449481157837,0.0302089022392135,0.277648825778263,0.516623429819771,0.144968596395412,0.0225628072091753,0.0043009284543965,1.93442707749433e-22
31-Oct-2019,9.66020207044947e-23,0.000545860839602204,0.00347986285246405,0.0335363253330604,0.297255343465875,0.508657011753066,0.132030090578783,0.0204697814850826,0.00402572369206625,1.03847172257332e-21
01-Nov-2019,4.65851898373807e-23,0.000512093952170425,0.003209122100268,0.0306573579366028,0.280251950224468,0.515559121246778,0.143249748220474,0.0222590171210078,0.00430158919823157,5.35729683129877e-22
04-Nov-2019,1.21776961414278e-23,0.000443958745987296,0.0029369578580698,0.0272180861962981,0.258418140837374,0.522607745372584,0.158834779045147,0.0248616897752886,0.00467864216925073,1.52221201767848e-22
05-Nov-2019,3.0578969089879e-24,0.000409856992356679,0.00269822519968147,0.024762193288216,0.241064221004454,0.526376090582494,0.172447329534073,0.02715302574363,0.00508905765509544,4.05171340440897e-23
06-Nov-2019,5.296720401145e-24,0.000477709641596635,0.00259328091152459,0.0239878484316025,0.235681463893426,0.527272187522873,0.176854933742526,0.0279460140334032,0.00518656182304918,9.534096722061e-23
07-Nov-2019,7.35893941675098e-25,0.00044369357838871,0.00255977064455025,0.0229696752504309,0.228536323145446,0.528046553695456,0.183074796498234,0.0290107339715695,0.00535845321592519,1.37366869112685e-23
08-Nov-2019,3.73894375225678e-25,0.000444087656071191,0.00239124122499872,0.0217944557364169,0.218661929731669,0.528413069841324,0.192050830956326,0.0306762088578407,0.00556817599535416,7.35325604610501e-24
12-Nov-2019,7.11899230159982e-25,0.000444072486293532,0.00242531896360314,0.0220669866265863,0.220977301064066,0.528395019556269,0.189892227023519,0.0302994073340279,0.00549966694563528,1.37633851164263e-23
13-Nov-2019,1.27093781819249e-24,0.000443882951480179,0.00245842865435176,0.0224331614709598,0.223751152388432,0.528323146788678,0.187352750367057,0.0297743025915935,0.00546317478744836,2.41478185456573e-23
14-Nov-2019,3.53710835160596e-24,0.000477815699658703,0.00255972696245734,0.0235836177474403,0.232798634812287,0.527610921501707,0.17938566552901,0.0283276450511945,0.00525597269624573,6.48469864461093e-23
15-Nov-2019,3.03387049176821e-24,0.000478068521219669,0.00259522911519249,0.024176608073109,0.236678065755252,0.527019493756169,0.176065806814901,0.0278304174852879,0.00515631047886929,5.46096688518278e-23
18-Nov-2019,4.18740672288906e-24,0.000478182823297272,0.00256169369623539,0.023670049753215,0.233353217769069,0.527418746918496,0.178976999576979,0.0283152543223885,0.00522585514032019,7.67691232529661e-23
19-Nov-2019,8.98924256250609e-24,0.000478158407049421,0.00259571706683971,0.0240786912121316,0.236210253082414,0.52706718125619,0.176508760545101,0.0279039584685269,0.00515727996174733,1.6180636612511e-22
20-Nov-2019,3.8294282398399e-23,0.000409682154928135,0.00279949472534226,0.0254685739646991,0.246457956368851,0.525417363695333,0.168106244238845,0.0263903588132874,0.00495032603871496,4.97825671179186e-22
21-Nov-2019,1.80824906036677e-23,0.000409535348019726,0.00273023565346484,0.0249134003378667,0.242547309864683,0.526201730286845,0.171219903417914,0.0269610770779653,0.00501680801324164,2.39593000498598e-22
22-Nov-2019,2.47672332955893e-23,0.000409773018188288,0.00276596787277094,0.0249620063579699,0.243063695288686,0.525995061210698,0.170909496336032,0.0268742804428485,0.00501971947280652,3.28165841166558e-22
25-Nov-2019,3.08619696283515e-23,0.000409773018188288,0.00273182012125525,0.0247571198488757,0.241595341973511,0.526302390974339,0.172036372136049,0.0271133147034584,0.00505386722432221,4.08921097575658e-22
26-Nov-2019,5.62149563539169e-23,0.000409633207598696,0.00269675195002475,0.0245097202546553,0.239601290344604,0.52670296472034,0.173650343921214,0.027343016607213,0.00508627899435048,7.58901910777879e-22
27-Nov-2019,3.6195158727151e-23,0.000443655723158829,0.00279844379223261,0.0259026687598116,0.249402771141902,0.524878847860214,0.165722476281483,0.0259709234864514,0.00488021295474712,4.70537063452963e-22
29-Nov-2019,3.39691718761881e-23,0.000478035955132911,0.00297065200689738,0.0276919399723422,0.26018814129377,0.521178700083656,0.157922592320694,0.024892015092278,0.0046779232752292,4.33106941421399e-22
02-Dec-2019,6.49950696322924e-24,0.000444011817545298,0.00280068992605495,0.0256160663968441,0.246324094472053,0.52442918865379,0.168690335912017,0.0266748638079137,0.00502074901378144,8.61184672627875e-23
03-Dec-2019,6.81499606082002e-23,0.000478158407049421,0.00286895044229653,0.0269817958263602,0.25516581850473,0.522490522217289,0.161720004098501,0.0255131664332798,0.00478158407049421,8.85949487906603e-22
04-Dec-2019,2.15301409636062e-23,0.000443890453982133,0.00286821524111532,0.0257115009114266,0.244447058466007,0.522886052808281,0.171068551880807,0.0274529173078181,0.00512181293056307,3.01421973490487e-22
05-Dec-2019,1.39996154094435e-23,0.000477832007918359,0.0028328611898017,0.0259394518584252,0.245878698931704,0.522645824089559,0.169869278814977,0.0272364244513465,0.00511962865626813,1.92494711879848e-22
06-Dec-2019,6.61744833463364e-24,0.00044400423511732,0.00266402541070392,0.0240103828682674,0.231940981590901,0.524573926705147,0.181597732162984,0.0293042795177431,0.00546466750913624,9.59530008521877e-23
09-Dec-2019,9.85337450946651e-24,0.00044404973357016,0.00276677141686023,0.0250034157671813,0.239103702691625,0.523671266566471,0.175502117775652,0.0282142369176117,0.00529443913102883,1.37947243132531e-22
10-Dec-2019,1.24022751903416e-23,0.000444080071052811,0.00266448042631687,0.024219443875111,0.233381157340985,0.524424403907905,0.180398988863838,0.0290360046457607,0.00543144086903054,1.79832990259954e-22
11-Dec-2019,2.5469208152765e-23,0.000443898032524409,0.00273168020015021,0.0244826837938462,0.235778147275465,0.524175455136336,0.178344571067307,0.0286484960990753,0.00539506839529666,3.62936216176901e-22
12-Dec-2019,4.01157310194168e-24,0.000409633207598696,0.00259434364812507,0.0231101401286931,0.225298264179283,0.525200976292478,0.187441328577037,0.0303469934629367,0.00559832050384885,6.01735965291252e-23
13-Dec-2019,1.19137712111329e-23,0.000443996652948308,0.00269813350637818,0.0241807407913386,0.233371471507369,0.524445431103673,0.180365101863078,0.02906470397377,0.0054304206014447,1.72749682561426e-22
16-Dec-2019,4.43679494230969e-24,0.000409941070971048,0.00266461696131181,0.0234691263130925,0.228132205995388,0.524946622256384,0.184917584763857,0.0299256981808865,0.00553420445810915,6.54427253990679e-23
17-Dec-2019,3.59658367385749e-24,0.000409962078507738,0.00256226299067336,0.0226845683440948,0.222028629018482,0.525263913088039,0.190393221960302,0.0309521369273342,0.00570530559256602,5.39487551078624e-23
18-Dec-2019,1.10067733881691e-24,0.000443958745987296,0.00249299911208251,0.021958882589987,0.216446964005191,0.525373949866812,0.195580902943788,0.0318625776927806,0.00583976504337135,2.27473316688828e-23
19-Dec-2019,1.52094158495712e-24,0.00044369357838871,0.0023891192682469,0.0211949009368761,0.210515537807812,0.525282001399341,0.20123210293691,0.0329015853512859,0.00604105872113859,3.19397732840995e-23
20-Dec-2019,2.05805789021147e-24,0.00040987106139527,0.00249338229015456,0.0223038169242592,0.218802834941508,0.525300999060712,0.193390829135001,0.0314917598838699,0.00580650670309965,3.13853828257249e-23
23-Dec-2019,1.51524056769063e-24,0.000409794078475566,0.00256121299047229,0.0228118703684732,0.222996277703787,0.525219410579517,0.189529761294949,0.0308028548987467,0.00566881808557866,2.27286085153594e-23
24-Dec-2019,2.72093689550901e-24,0.000409549325096841,0.00259381239227999,0.0229688913158479,0.224433030153069,0.525264073991911,0.188222043992423,0.0304431664988652,0.0056654323305063,4.08140534326352e-23
26-Dec-2019,2.78693153646537e-24,0.000409535278136737,0.00269610724773352,0.0236165343725519,0.229612779275331,0.52490494942154,0.183574188424793,0.0296571797250687,0.00552872625484595,4.04105072787478e-23
27-Dec-2019,3.58754949680074e-24,0.000443898108311138,0.00273168066653008,0.024653418015434,0.236734275763163,0.524038789865465,0.177490951307792,0.0285460629652394,0.00536092330806529,5.11225803294106e-23
30-Dec-2019,1.91083519039144e-24,0.00034148340390657,0.00252697718890862,0.023596503209944,0.230398852615763,0.522981833082912,0.185152301598142,0.0297090561398716,0.00529299276055184,2.53185662726865e-23
31-Dec-2019,6.8916090863798e-25,0.000375580442502049,0.00235591368478558,0.0219202403714832,0.217802512974597,0.523422562141491,0.196667577164709,0.0318560502594919,0.00559956296093963,1.28643369612423e-23
02-Jan-2020,2.14540741096902e-24,0.00037543302786737,0.00228672844246489,0.0214338128637007,0.214167477260704,0.523404836260004,0.200071673578047,0.0325261523234185,0.00573388624379256,4.0047605004755e-23
03-Jan-2020,9.50537655028316e-24,0.000409780084687884,0.00239038382734599,0.0227086463597869,0.223876519601147,0.523255019806037,0.191059964485726,0.0308359513727633,0.00546373446250512,1.71096777905097e-22
06-Jan-2020,8.51397199660287e-24,0.000341541660995652,0.00256156245746739,0.0240103787679943,0.233204646127831,0.522695528758576,0.182690634466574,0.0292701203473274,0.00522558741323347,1.10681635955837e-22
07-Jan-2020,4.99112777264065e-24,0.000341524222605488,0.00259558409180171,0.0241799149604686,0.234661293352231,0.522480831953006,0.181485971892556,0.0290295589214665,0.00522532060586397,6.36368791011682e-23
08-Jan-2020,1.15910908156352e-24,0.000409696142027996,0.00235575281666098,0.0224650051212018,0.221987026288836,0.523386821440765,0.192762034824172,0.0310686241037897,0.00556503926254695,2.08639634681433e-23
09-Jan-2020,2.45719651029218e-24,0.000409437535186038,0.00238838562191856,0.0228943821758193,0.22522476414692,0.523312349659655,0.189774297558729,0.0305372161659587,0.00545916713581384,4.34104716818285e-23
10-Jan-2020,5.66111483231776e-24,0.000409682154928135,0.00242395274999146,0.0230104810351302,0.226212829879485,0.523164111843228,0.188931753781025,0.030418900003414,0.00542828855279779,1.0001302870428e-22
13-Jan-2020,3.63245570319986e-24,0.000375650986083839,0.00235635618543499,0.0218219072825066,0.217399470673611,0.523435499018185,0.197046017245795,0.0319303338171263,0.00563476479125758,6.78058397930641e-23
14-Jan-2020,6.76738356692552e-24,0.000375727972947586,0.00235683910303486,0.0217580653425102,0.216965825833006,0.523371987771762,0.197496285416631,0.0320393489658942,0.00563591959421379,1.26324493249276e-22
15-Jan-2020,1.5943335050597e-23,0.000409444520267504,0.00242254674491606,0.0229288931349802,0.225672171420772,0.523338337655248,0.189333970247032,0.0304353760065511,0.00545926027023338,2.81665585893881e-22
16-Jan-2020,9.71085543098882e-24,0.000409528359838919,0.0024230427957136,0.0229335881509795,0.225684253634564,0.523308989147498,0.18933861169886,0.0304416080813596,0.00546037813118558,1.71558445947469e-22
17-Jan-2020,2.75668904637421e-24,0.000409850063185218,0.00239079203524711,0.0227125243348475,0.223914751186857,0.523207759827863,0.191058437788176,0.0308412172546877,0.00546466750913624,4.96204028347358e-23
21-Jan-2020,1.58906237915772e-23,0.000341547551957921,0.00252745188448862,0.0236009358402924,0.230407978550814,0.522926379425175,0.185221237426781,0.0296804822651434,0.00529398705534778,2.10550765238398e-22
22-Jan-2020,2.73112675875424e-23,0.000341401795773446,0.00256051346830084,0.0240688266020279,0.233689529206924,0.522686149329145,0.182274418763443,0.0291557133590523,0.00522344747533372,3.55046478638051e-22
23-Jan-2020,6.37440038111033e-23,0.000375381780333407,0.00255942122954596,0.0244339413380654,0.236558772842834,0.522411998566724,0.179773747163308,0.0287337690037026,0.00515296807548586,8.12736048591567e-22
24-Jan-2020,1.25646546412132e-22,0.000375606027520654,0.00256095018764082,0.0246534138063556,0.237485447400559,0.522160840988725,0.179027491117344,0.0286143500965734,0.00512190037528164,1.60199346675468e-21
27-Jan-2020,7.73988645308464e-22,0.000409787081462257,0.00280021172332542,0.0271825430703297,0.254921713592979,0.519080710980586,0.164802704594738,0.0260897775197637,0.00471255143681595,9.28786374370157e-21
28-Jan-2020,3.24923694514053e-22,0.000375650986083838,0.00273200717151883,0.0259882182190728,0.247144198753522,0.520669341757022,0.171023648937078,0.0271493212669683,0.00491761290873389,3.98031525779715e-21
29-Jan-2020,9.33708947221828e-22,0.000409626216077829,0.00283324799453832,0.0272742788871821,0.25594811401263,0.518859873698583,0.164055299539171,0.0259429936849292,0.00467656596688855,1.12045073666619e-20
30-Jan-2020,1.23495292270265e-21,0.000375349757728793,0.00276393912509384,0.0262403603357674,0.249061625605678,0.520371255033099,0.169453354261926,0.0268204463249846,0.00491366955572238,1.48194350724318e-20
31-Jan-2020,3.11931733912479e-21,0.000409710130082966,0.00273140086721977,0.0266994434770733,0.251493734849261,0.519785585031923,0.167503158182253,0.0265628734337123,0.00481409402847485,3.74318080694974e-20
03-Feb-2020,2.61627136390724e-21,0.000409766091855899,0.00293665699163394,0.0283080075123784,0.262318593136418,0.517227249445108,0.159125832337374,0.0250640259518525,0.00460986853337886,3.00871206849333e-20
04-Feb-2020,5.60899380944187e-22,0.000409780084687884,0.00280016391203387,0.0272503756317443,0.255463734462505,0.518952328916815,0.164424258981014,0.02598688703729,0.00471247097391067,6.73079257133024e-21
05-Feb-2020,1.93088002839195e-22,0.000375484289395982,0.00279906470277005,0.0265228448055162,0.251062449864314,0.519926268539537,0.167909747230803,0.0265569797409158,0.00484716082674814,2.31705603407034e-21
06-Feb-2020,3.77197818390231e-22,0.000375343353863477,0.00279801409243683,0.0264446453858359,0.250524627642332,0.520106461024005,0.168256188900073,0.0266493781243069,0.00484534147714671,4.52637382068277e-21
07-Feb-2020,1.08936677013306e-21,0.000409703135936086,0.00276549616756858,0.0269721231157923,0.253469673432459,0.519384079618976,0.16596391198211,0.0262551426279042,0.00477986991925434,1.30724012415967e-20
10-Feb-2020,1.64515537109529e-21,0.000409801075727824,0.00273200717151882,0.0266712200119525,0.251549560317596,0.519781439426278,0.167540339793392,0.0265346196533766,0.00478101255015794,2.01531532959173e-20
11-Feb-2020,1.08090917080445e-21,0.000409787081462257,0.00276606279987023,0.0270459473765089,0.253965543736234,0.519285604521317,0.165553980910752,0.0262263732135844,0.00474670036027114,1.29709100496533e-20
12-Feb-2020,4.51411210238025e-22,0.000375196125247288,0.00279691657002524,0.0264342724606044,0.250494576710553,0.520158264547377,0.168258407804079,0.0266389248925575,0.0048434408895559,5.41693452285631e-21
13-Feb-2020,6.4584924892321e-22,0.000375266524520256,0.00279744136460554,0.0264392324093817,0.250507462686567,0.520136460554371,0.168255863539446,0.0266439232409382,0.00484434968017057,7.75019098707852e-21
14-Feb-2020,1.04039047762756e-21,0.000409703135936086,0.00276549616756858,0.0269721231157923,0.253503815360453,0.519349937690981,0.165929770054115,0.0262892845558989,0.00477986991925434,1.24846857315308e-20
18-Feb-2020,2.44436394871148e-21,0.000409780084687884,0.00280016391203387,0.0272503756317443,0.255463734462505,0.518952328916815,0.164424258981014,0.02598688703729,0.00471247097391067,2.93323673845378e-20
19-Feb-2020,2.11556939896773e-21,0.000443723867224166,0.00290127143954262,0.0288079187643997,0.26531273999488,0.516443382541172,0.156907585971499,0.0246437409335268,0.00453963648775493,2.43290480881289e-20
20-Feb-2020,5.34911200798791e-21,0.000443549762871473,0.00296837148998601,0.0293766419871029,0.268757037087584,0.51543894366918,0.154321198266744,0.0242246408952881,0.0044696168412433,6.01775100898639e-20
21-Feb-2020,1.90578208071083e-20,0.000477929880858908,0.0031065442255829,0.0311678558017274,0.279315877513399,0.511862902399891,0.146826886969583,0.0230089099784932,0.00423309323046461,2.09636028878192e-19
24-Feb-2020,6.9797476827986e-20,0.000477986991925434,0.00331176701548336,0.0328786766588709,0.289455265538845,0.50801481759675,0.139947762850168,0.0218508339165913,0.00406288943136619,7.32873506693853e-19
25-Feb-2020,1.81186727777972e-19,0.000512093952170425,0.00361879726200434,0.0367000665722138,0.309338886707748,0.49906969598689,0.127272416912756,0.0198009661505898,0.00368707645562706,1.81186727777972e-18
26-Feb-2020,1.3770094390706e-19,0.000511866778139876,0.00358306744697913,0.0361377945366752,0.306778822365166,0.500349775631729,0.128819805831869,0.0200310532512072,0.00378781415823508,1.34258420309383e-18
27-Feb-2020,2.29681427321025e-19,0.000545776956989876,0.00371810551949353,0.0381361648696676,0.316448301874693,0.495531536442295,0.122902148502158,0.0191021934946457,0.00361577234005793,2.18197355954974e-18
28-Feb-2020,4.03685429191837e-18,0.000580194877220526,0.00392484769884473,0.0406818996262863,0.328253784065118,0.489018958720841,0.116038975444105,0.0180884285251105,0.00341291104247368,3.73409022002449e-17
02-Mar-2020,3.6828572004251e-18,0.000512050161799317,0.00375503451986166,0.0379258486506027,0.315457036345833,0.495937820724752,0.123574772380902,0.0191848127287477,0.00365262448750179,3.49871434040385e-17
03-Mar-2020,4.93180225216275e-18,0.000546196255141926,0.00372096198815437,0.0382678751258812,0.316998651577995,0.495178111185075,0.122621059279362,0.0190485943980747,0.00361855019031526,4.68521213955462e-17
04-Mar-2020,2.5489926821173e-18,0.000546019085755881,0.003446745478834,0.0345357071740595,0.298604187522747,0.504180543940801,0.13391118078163,0.0208852300301624,0.00389038598601065,3.48362333222698e-17
05-Mar-2020,1.93208859820593e-17,0.000648066034518044,0.00388839620710826,0.0406576164813425,0.32822839211406,0.489051094890511,0.116072037656047,0.0180435227505287,0.00341087386588444,2.38290927112065e-16
06-Mar-2020,1.00015045526687e-14,0.0006483756483756,0.00484575484575449,0.0512216762216724,0.370154245154218,0.461472836472802,0.0941168441168371,0.0147078897078886,0.00283237783237762,6.40096291370799e-14
09-Mar-2020,1.13818453566897e-12,0.000887235748771313,0.00730263270142542,0.0802265863600522,0.444232114519421,0.394052108036028,0.0614581378283513,0.00982784214023608,0.00201334266067336,3.90234697943646e-12
10-Mar-2020,2.37989284148479e-15,0.000853125707561123,0.00679088063218654,0.0739830613597006,0.432022858308953,0.407180008329914,0.0664414301048603,0.0105787587737579,0.00214987678305403,9.91622017285327e-15
11-Mar-2020,3.4508192812903e-15,0.000886857303466011,0.00695841884257947,0.0764402775795127,0.436981881334733,0.401951188397307,0.0643994841901472,0.0102670787824334,0.00211481356980356,1.38032771251612e-14
12-Mar-2020,1.99535354974338e-16,0.00122730759396574,0.010057103894997,0.110764510355408,0.48574107218955,0.33902667689423,0.0443194408932071,0.0072956618085741,0.00156822637006733,5.41595963501775e-16
13-Mar-2020,1.10465910304252e-16,0.000921140009699263,0.00767616674749386,0.0844037179257769,0.451597418829227,0.385599613530591,0.0584753324675754,0.00938198158027027,0.00194462890936511,3.62959419571114e-16
16-Mar-2020,9.04774545158672e-15,0.00139881588529433,0.0120093461371611,0.130499286859776,0.500639617092902,0.31058847331357,0.0372221495330759,0.00627761275351601,0.00136469842467739,1.92264590846218e-14
17-Mar-2020,7.44907133842458e-18,0.0013647452191269,0.0123850628635767,0.133642675583002,0.502533308313004,0.306334123748273,0.0363022228287756,0.0061072348555929,0.00133062658864873,1.40704680836909e-17
18-Mar-2020,3.03311851815422e-19,0.00153465768607724,0.0142893682325859,0.151317247847216,0.509949697331401,0.284713104271464,0.0315798448290562,0.00538835365333788,0.0012277261488618,4.54967777723133e-19
19-Mar-2020,5.72724002836486e-19,0.00160229066200343,0.0146251637021164,0.154842642272757,0.51096026472569,0.280741949213863,0.0307844354848745,0.00525005876486231,0.00119319517383234,8.59086004254729e-19
20-Mar-2020,3.94166042220249e-17,0.00105755107673198,0.00917681418196463,0.100842612349024,0.47497689165611,0.355405561456425,0.0488520368348451,0.00798280490178335,0.0017057275431161,9.85415105550623e-17
23-Mar-2020,4.33665741826449e-15,0.000921281447899556,0.00777971000448514,0.08526971623337,0.453099864691044,0.383833319030716,0.0578701235421351,0.00924693601410295,0.00197904903622868,1.3629494743117e-14
24-Mar-2020,1.33243191844951e-15,0.000887205322003488,0.00682465632310375,0.0752418359622189,0.434525868092016,0.404514612527575,0.065448454138565,0.0103734776111177,0.0021838900233932,5.32972767379804e-15
25-Mar-2020,5.17195147541926e-16,0.000852791040099767,0.00665177011277818,0.0730330246741441,0.429874907493491,0.409356925626898,0.0673704921678816,0.0106769438220491,0.0021831450626554,2.15497978142469e-15
26-Mar-2020,8.18954286754943e-16,0.000852456780441228,0.00675145770109453,0.0736181675589045,0.431411327445697,0.407883520305519,0.0667303167729393,0.0106045623486889,0.00214819108671189,3.4123095281456e-15
27-Mar-2020,9.72727546098475e-15,0.000921124297024338,0.00771015152324076,0.0846069724674207,0.451964988406608,0.38520070530827,0.0583037564301701,0.0093477058290618,0.00194459573816249,3.19610479432356e-14
30-Mar-2020,7.72970188436395e-15,0.0010577314969067,0.00866657420046135,0.0957758810263583,0.468609173500536,0.364269249988175,0.0514876396397487,0.00835949086264972,0.00177425928513382,2.31891056530918e-14
31-Mar-2020,6.61432436956165e-15,0.00194788518617933,0.010627934963189,0.0917898177206613,0.468893555080117,0.363144064392292,0.0507133616893006,0.010081160174086,0.00280222079415273,1.63783270103431e-14
01-Apr-2020,6.47055936044622e-14,0.00181010898051378,0.010280052889333,0.0933401479951731,0.47964472683652,0.356489180927317,0.046823762495932,0.00911885090183359,0.0024931689731605,1.52058144970486e-13
02-Apr-2020,7.01180098169977e-14,0.00163884024056082,0.00877462378800273,0.0770254913063586,0.451329773749448,0.391375705661456,0.0563351332692782,0.0106524615636453,0.00286797042098144,1.98667694481493e-13
03-Apr-2020,5.20213115972653e-14,0.00157154787729115,0.00819938022934513,0.0708563108152575,0.43719778664554,0.406569855900929,0.061222039045777,0.0113766400682164,0.00300643941742655,1.65244166250137e-13
06-Apr-2020,3.37546829900497e-14,0.00143533287163439,0.00775763242526208,0.0659911375030003,0.424721831635053,0.419271155055022,0.0655810423968191,0.012097805632347,0.00314406248072296,1.05014569302377e-13
07-Apr-2020,1.3890089432537e-14,0.00140005781214323,0.0074783575819358,0.0625245330252258,0.415168362927742,0.42846908288186,0.069080901316238,0.0126005203092891,0.0032781841455061,4.65726528032124e-14
08-Apr-2020,4.80580703784491e-15,0.0013667970818882,0.00717568467991306,0.0596948625514672,0.406280432591268,0.436606242845662,0.0724060754130274,0.0130870820590795,0.0033828227776733,1.66789773666382e-14
09-Apr-2020,6.45529964375985e-15,0.00133294575372182,0.00656219447986128,0.0531469396676265,0.383922555168134,0.455816351518971,0.0811046223995355,0.0144231566171951,0.00369123439492197,2.66819051942074e-14
13-Apr-2020,3.33688750861246e-15,0.00123057991078293,0.00608453400331562,0.048095164846433,0.363978191389352,0.471500111094011,0.0895246885094585,0.0156898938624824,0.00389683638414596,1.46823050378948e-14
14-Apr-2020,2.47219678709236e-15,0.00116229382104092,0.00577728399282105,0.045090163233911,0.350636697718139,0.481172549354749,0.0954790188872733,0.0165797795060249,0.00410221348602678,1.12072921014854e-14
15-Apr-2020,4.35108978836786e-14,0.00133237675514987,0.0069010283215455,0.0564039493013446,0.395750059786055,0.445970414403242,0.076423764135135,0.0136654026169218,0.00355300468039966,1.63165867063795e-13
16-Apr-2020,1.44759464125155e-13,0.00157063566869121,0.00816047662646086,0.0704054510617669,0.436363561866819,0.407528910366137,0.0615279451082948,0.0114383249785121,0.00300469432271362,4.59824180162258e-13
17-Apr-2020,4.7797462034888e-14,0.00184574336544952,0.00909199509647359,0.0741031780795291,0.447285142227268,0.396749543392078,0.0567736987039196,0.0110060993273101,0.00314459980780289,1.2148521600534e-13
20-Apr-2020,1.15384614948045e-13,0.00218971821234746,0.0100590180379712,0.0760584935320064,0.45847225071025,0.387460544442499,0.0518347358079126,0.0106748762851939,0.00325036297145326,2.51131220769275e-13
21-Apr-2020,4.44263495730121e-13,0.00222393255941297,0.00981951760848498,0.0743477761785291,0.45443495775574,0.391976838255039,0.0530322379552325,0.0108801623675896,0.00328457731851762,1.009689763023e-12
22-Apr-2020,1.47066810303617e-13,0.00198399090374268,0.00841485797104652,0.0595197271122803,0.412670107978476,0.434596799172503,0.0661558346179023,0.0128617341346077,0.00379694810888684,4.06884841840008e-13
23-Apr-2020,3.85677667118345e-13,0.0021549508884953,0.00903027038988508,0.0631776871595369,0.424456913894257,0.422917834287466,0.0619804922214839,0.0124508273557506,0.00383102380176943,9.69703848754697e-13
24-Apr-2020,4.26202361083051e-13,0.00201964844081951,0.00807859376327803,0.0542224259365779,0.392599118097609,0.45223026525269,0.0725361872219752,0.0141375390857365,0.00417622219966067,1.22694619099666e-12
27-Apr-2020,8.43695057995104e-14,0.00188327141365138,0.00777277474361568,0.050677121676437,0.377921210772186,0.464603057747794,0.0778989539283069,0.0148607235186309,0.0043828861990432,2.50551865707637e-13
28-Apr-2020,2.67486651123411e-13,0.00201995959738231,0.00811407499287471,0.0546416189393588,0.39420025091966,0.4508106457344,0.0719995768355085,0.0140370073716398,0.00417686560814648,7.6193167289699e-13
29-Apr-2020,1.66125633436206e-13,0.00195085221438712,0.00790608528988466,0.0523307550139985,0.385036621260616,0.458724074200537,0.0752618249024085,0.0144773769593992,0.0043124101581189,4.83274569996235e-13
30-Apr-2020,8.52980195724682e-14,0.00198419452221986,0.00824467034232735,0.0555574466221561,0.398002052956998,0.447607087063746,0.0706783772914868,0.0138209411547728,0.00410523004597213,2.35823936465059e-13
01-May-2020,1.20385462797916e-13,0.00201951052541412,0.00842033202121819,0.0568201266472447,0.402738319356314,0.443265445832421,0.0691083347595103,0.0135889098066001,0.00403902105082824,3.29289648241358e-13
04-May-2020,8.50229118613366e-14,0.00201995994316658,0.00828525942790361,0.0561480390981897,0.400123251793014,0.445640823732675,0.0699796292174999,0.0137631169008977,0.00403991988633317,2.35063344557813e-13
05-May-2020,5.09338548185049e-14,0.00201916460999883,0.00835044347185955,0.056365493435052,0.401197741068072,0.444695509121149,0.069644067480468,0.0136208053352463,0.00410677547796372,1.39319073474146e-13
06-May-2020,8.72434978646304e-15,0.00208675424192659,0.00844964422550602,0.0580186097427458,0.406951286261618,0.439484126984113,0.0676313628899814,0.0133757525998901,0.00400246305418706,2.36070641280764e-14
07-May-2020,7.84606014577328e-14,0.00215620507906024,0.00883017318091337,0.0613320555821579,0.418338010815132,0.428708330481089,0.0639331918680084,0.0128003285645798,0.00390170442877567,2.05382162639359e-13
08-May-2020,1.44500761100276e-14,0.00208796815198206,0.00845455956622245,0.0578469865057326,0.406434980928443,0.439911100477282,0.0678760794324661,0.013349304578246,0.00403902035957186,3.91002059447807e-14
11-May-2020,6.48226537216993e-15,0.0020541965523734,0.00821678620949361,0.0554290703048756,0.397418559665841,0.448003149768036,0.0709040176660886,0.0138658267285205,0.0041083931047468,1.8464634696484e-14
12-May-2020,2.09437608726953e-14,0.00208828981217529,0.00872973610007704,0.0604234675162195,0.415261564289939,0.431711297014518,0.064908155473514,0.0129747842428596,0.00390270555062268,5.38553851012164e-14
13-May-2020,5.07736712949361e-14,0.00212154357351051,0.00899945096505264,0.0625170985290919,0.422460918686463,0.42485638091007,0.062619753863294,0.0125581692173928,0.00386668425494657,1.27659516398697e-13
14-May-2020,1.2891747358745e-13,0.00218915683256274,0.00930391653839166,0.0659825551564614,0.432939969214791,0.414503164015552,0.0593124679322468,0.0121087737301127,0.00365999657944084,3.1155056116967e-13
15-May-2020,7.85408067092032e-14,0.00212205186671196,0.00896738046900862,0.0624293968529455,0.421911828402554,0.425334663836918,0.0627716632830603,0.0126638579142488,0.00379915737427464,1.9971805134626e-13
18-May-2020,7.13565002592298e-15,0.00198579098077698,0.00814859057629172,0.0541641608894685,0.39260457200982,0.452229829285303,0.0725840841249515,0.0141059635186226,0.00417700861473777,2.05420228018995e-14
19-May-2020,8.85431427315512e-15,0.00201992501969848,0.00838782423434116,0.0568660247071047,0.402718271300225,0.443253886943413,0.0690882828771447,0.0135574628440779,0.00410832207396301,2.39587327391256e-14
20-May-2020,1.63117863197581e-14,0.0020175768559996,0.0081728960776933,0.0548165372909722,0.395308278904328,0.449953835105809,0.0716410764969349,0.0139178606846074,0.00417193858359239,4.64638761835533e-14
21-May-2020,2.2196010223503e-14,0.00208632565730784,0.00841370674914311,0.0578698854453257,0.406423078455559,0.440009672342519,0.0678226848924828,0.0133388033827878,0.00403584307479222,6.00597923694786e-14
22-May-2020,3.82325283271916e-14,0.00205373951737093,0.00865993496491409,0.0593188430600637,0.411672086257003,0.435084716755032,0.066130412459344,0.0131097039192178,0.00397056306691713,9.94045736506981e-14
26-May-2020,1.00031857339391e-14,0.00208839705426452,0.00845629626890717,0.0580300492947273,0.406929301426035,0.439453689024995,0.0676846061685404,0.0133520467403797,0.00400561402211392,2.70674437506587e-14
27-May-2020,1.05348951654567e-14,0.00205342322763899,0.00817946919009532,0.0553055322644102,0.396892486182157,0.448484744776587,0.0710826673967698,0.0138606067865632,0.00414107017573864,3.00084892591797e-14
28-May-2020,5.05503488237541e-15,0.001915937883241,0.00783481741539622,0.0513881910826424,0.381237425588472,0.461929373397638,0.0766717285061263,0.0146774527126855,0.00434507341377869,1.48587388966792e-14
29-May-2020,1.39423569631431e-14,0.0019854514334616,0.0080787334189127,0.053778348309796,0.391031236628134,0.453590072742808,0.0731536157466798,0.0142062473256304,0.00417629439452267,4.05595838927799e-14
01-Jun-2020,6.21179851783255e-15,0.00191754554170657,0.00756745651280627,0.0491713463909041,0.371353239282281,0.469901383372129,0.0803314614436358,0.0153061224489792,0.0044514450075331,1.92177516645445e-14
02-Jun-2020,4.42486456067381e-15,0.0018833355790683,0.00773879710671702,0.0504049085888825,0.376872570604104,0.465509362660398,0.0782782751590934,0.0149639572373245,0.00434879306439408,1.32745936820214e-14
03-Jun-2020,9.10397388962216e-16,0.00188269089929469,0.0074965328535552,0.0484707329709323,0.368014724696676,0.472606932992119,0.0816060927985187,0.01547229611784,0.00444999667106017,2.873441758912e-15
04-Jun-2020,2.4410741921228e-16,0.00177951135644793,0.00708382405355233,0.0447957762613527,0.350255744870088,0.48613187445342,0.0887702395889602,0.0164947014193827,0.0046883279967955,8.00977469290293e-16
05-Jun-2020,5.48006501640867e-17,0.00174639591822758,0.00671163921514913,0.0412971270074992,0.331130363318837,0.499298017326987,0.0970790672191213,0.0177036605828168,0.00503372941136185,1.97282340590712e-16
08-Jun-2020,9.81040311664766e-17,0.00171270972772882,0.00657680535447867,0.0396663572941995,0.320550752641726,0.50540368482647,0.102351533329074,0.0185315192540258,0.00520663757229562,3.6625504968818e-16
09-Jun-2020,3.48833902818046e-16,0.00181506849315068,0.00712328767123287,0.0443835616438355,0.346849315068493,0.487705479452054,0.0904794520547944,0.0167808219178082,0.00486301369863013,1.18153418696435e-15
10-Jun-2020,1.25426181923294e-15,0.00181453997731139,0.00701850368582708,0.0440282719023104,0.344591412672437,0.489395297705238,0.0913774943291341,0.0169471186560215,0.00482736107171521,4.32922627928788e-15
