Date,-3.0%,-2.0%,-1.0%,0.0%,1.0%,2.0%,3.0%,4.0%,5.0%,6.0%
03-Sep-2019,1.89608756832376e-31,0.000649561485680742,0.00296942393454053,0.0228460053963712,0.284452254029392,0.562603854442179,0.105210401780689,0.0168885986276993,0.00437990030344729,1.77339954919693e-30
04-Sep-2019,9.48056246642978e-32,0.000649477110617364,0.00293192524221553,0.0225461339828599,0.281446266763816,0.564163745797999,0.106774036985495,0.0170534132759245,0.00443500084107286,8.92288232134567e-31
05-Sep-2019,7.03524020336129e-33,0.000612426580724041,0.00278375718510927,0.0209709707944899,0.26477242506636,0.572099403886236,0.115878532425482,0.0181872136093806,0.00469527045221764,6.86970513975279e-32
06-Sep-2019,2.57873209253534e-32,0.000630955746712466,0.00287641590413036,0.0217865307835422,0.273686333897513,0.567999446243545,0.110881193723735,0.0175925308201005,0.00454659288072218,2.47254900637212e-31
09-Sep-2019,1.6413237271261e-33,0.000631107941546783,0.00274717574555658,0.0203996361105857,0.258921314018708,0.574614685399188,0.119279400952342,0.0186548082721917,0.00475187155988166,1.73364818677694e-32
10-Sep-2019,1.15751945523718e-34,0.000612665352344773,0.00267344881023173,0.0196424225085082,0.25019025115752,0.578059228401829,0.124593853926841,0.0193268070239669,0.00490132281875818,1.24433341437997e-33
11-Sep-2019,6.23728068751044e-35,0.000612466363068947,0.0027096996669111,0.0198773174196013,0.253078525054793,0.576971338986955,0.122771666415184,0.0190978147756953,0.00488117131779191,6.62711073047985e-34
12-Sep-2019,1.29908006725079e-35,0.000593972919660893,0.00261719317725581,0.0189885717754092,0.242749307603911,0.580747926988106,0.129356164909899,0.0199352161161187,0.00501164650963879,1.42898807397587e-34
13-Sep-2019,5.3948126419528e-37,0.000575496723288737,0.00246906658701297,0.0173020305195195,0.222030348726881,0.586589144163971,0.143855616411756,0.0217760534328287,0.00540224343474267,6.65360225840845e-36
16-Sep-2019,3.55001846069066e-36,0.000594121796082175,0.00248788502109411,0.0176379908211896,0.226453235837947,0.585525782008173,0.1406212026102,0.0213883846589583,0.00529139724635688,4.33102252204261e-35
17-Sep-2019,9.67036508301596e-36,0.000594188042504128,0.00252529918064254,0.0179556199094216,0.230340708351991,0.584495442902661,0.137833057484629,0.0210194020035835,0.00523628212456762,1.16689072001726e-34
18-Sep-2019,2.41715383302009e-35,0.000612494782194072,0.00267270450411958,0.0196369539261008,0.250194838302305,0.578083897308011,0.12455916616074,0.0193399867589764,0.00489995825755257,2.59844037049659e-34
19-Sep-2019,5.16323687342688e-35,0.000612477730402522,0.00269119002752623,0.0198591264100212,0.252470744444409,0.577223326641241,0.123126583742131,0.0191538490234971,0.00486270198077154,5.51820940847498e-34
20-Sep-2019,1.86447046585106e-34,0.000612477730402522,0.00270974995875055,0.0198220065475725,0.252526424238082,0.577167646847568,0.123145143673356,0.0191352890922727,0.00488126191199586,1.99265281037832e-33
23-Sep-2019,2.57842256809135e-34,0.000594039077746906,0.00265461212868149,0.0192320151420561,0.245598031205987,0.579735916215243,0.127514200782609,0.0196775444503663,0.00499364099730993,2.80403454279935e-33
24-Sep-2019,1.61324827874291e-33,0.000612619857682838,0.00278463571674017,0.0209033321136629,0.264224801042419,0.572335646623044,0.116193566340512,0.0182857745399271,0.00465962376601189,1.58477919147097e-32
25-Sep-2019,1.45432111796512e-34,0.00059387927603518,0.00278380910641491,0.0206187461148464,0.261269764000727,0.573631797261493,0.117866477565607,0.0185030511939711,0.00473247548090534,1.42865662764809e-33
26-Sep-2019,1.16654589436468e-34,0.000333484574763629,0.00200090744858177,0.02113921665585,0.277422112361699,0.559096338320842,0.119331897002919,0.0171374017586865,0.00353864187665851,2.00645893830724e-33
27-Sep-2019,2.29620448288837e-34,0.00033344753911548,0.00211183441439804,0.0225818083434317,0.28993263526091,0.554773435827697,0.111297378611434,0.0157276089282802,0.00324185107473384,3.02333590246969e-33
30-Sep-2019,3.12791397721152e-34,0.000333484605655843,0.00216764993676298,0.0231030724029354,0.294596595251865,0.552426605364785,0.108771562211414,0.0153958726277781,0.00320515759880338,4.01415627075478e-33
01-Oct-2019,3.96503442129703e-34,0.000333534040530501,0.00214944159452989,0.0230509081344413,0.294028786396555,0.55271232197968,0.109047101584555,0.0154722735468316,0.00320563272287648,5.08846084066452e-33
02-Oct-2019,6.58091420773874e-34,0.000351943063762544,0.00220427497830225,0.02402474493158,0.302244998495443,0.548438525873511,0.104730846448075,0.0148742252737538,0.0031304409355721,8.22614275967343e-33
03-Oct-2019,2.58461727677011e-33,0.000370462951806197,0.00227834715360811,0.0252840964607729,0.312263222077443,0.542885763766334,0.0996730571834572,0.0142628236445386,0.00298222676203988,3.1876946413498e-32
04-Oct-2019,7.86528880437994e-33,0.000351897403015687,0.00220398899783509,0.0238734606572221,0.301057488737894,0.54907125940932,0.105346969913328,0.014983421002089,0.0031115138792966,9.96269915221459e-32
07-Oct-2019,2.50085109730113e-33,0.000333435185433032,0.00214880452834621,0.0230440761488162,0.294034261021029,0.552733747095525,0.10905182981357,0.015430639414762,0.00322320679251931,3.20942557486978e-32
08-Oct-2019,2.73659679979708e-33,0.00035198870375621,0.00229718943504053,0.0250467751304419,0.310491088155478,0.543859691374452,0.100576140668025,0.0143574339690033,0.00301969256380328,3.37513605308307e-32
09-Oct-2019,9.15237752315925e-34,0.00035188762709394,0.00225948897397161,0.0246876951008538,0.307512745277251,0.54554638980889,0.102047411857243,0.0145199947179815,0.00307438663671547,1.12879322785631e-32
10-Oct-2019,1.20053405813682e-34,0.000333283927077106,0.00214782975227469,0.0229595594208673,0.293419466243939,0.553084769563327,0.109354159628744,0.0154791868353589,0.00322174462841203,1.54068537460892e-33
11-Oct-2019,3.49274506781612e-35,0.000352031061738652,0.00201954661734279,0.021344199111733,0.278901240650101,0.559905588974832,0.117541318719474,0.0165454599017166,0.00339061496306175,5.65824700986212e-34
15-Oct-2019,2.83169137355068e-35,0.000352096297966866,0.00196432671497304,0.0207922129641486,0.273690011824876,0.562214581938461,0.120620779129807,0.0169191536865131,0.00344683744325458,4.70060768009413e-34
16-Oct-2019,1.4852370878704e-35,0.000351991931603892,0.00196374446052698,0.0208601534203149,0.274257292392843,0.561992355846799,0.120270085261709,0.0168770868258498,0.00342728986035368,2.46549356586486e-34
17-Oct-2019,1.25935521748225e-35,0.000296422495429073,0.00179706137853875,0.0192304093909611,0.266891404321951,0.566945260584089,0.123904603089352,0.0173777687945294,0.00355706994514887,2.14090386971982e-34
18-Oct-2019,7.31715291466092e-36,0.000277906386677835,0.00176007378229295,0.0185085653527438,0.259416348417536,0.569800913422712,0.128596548662057,0.0179712796718333,0.00366836430414742,1.273184607151e-34
21-Oct-2019,2.92241903782852e-36,0.000277957909945529,0.00170480851433257,0.0179190199278217,0.253145533851058,0.572037471320534,0.132641514626006,0.0185490578570316,0.00372463599327008,5.20190588733476e-35
22-Oct-2019,6.41462270514683e-36,0.000278004274037709,0.00170509288076462,0.0178664080114901,0.252594683390662,0.572207023110773,0.133015778317909,0.0185892191239881,0.00374379089037448,1.14180284151614e-34
23-Oct-2019,7.6772335411515e-36,0.000277916710399949,0.00168602804309302,0.0177681416849034,0.251440511789181,0.572619682746958,0.133770576605842,0.0186760029388766,0.00376113948074598,1.36654757032497e-34
24-Oct-2019,6.03942364304389e-36,0.000277929558197616,0.00164904871197252,0.0173057471571049,0.246356760386367,0.574230445478466,0.137241615837983,0.0191030249667828,0.0038354279031271,1.09917510303399e-34
25-Oct-2019,3.55148371726144e-36,0.000259415340822654,0.00157502171213754,0.0161022807982062,0.232806738721131,0.577838592145534,0.146940260908832,0.0204196932561832,0.00405799711715438,6.67678938845151e-35
28-Oct-2019,6.42422157149711e-37,0.000259448993347172,0.00159375810198977,0.016456479006592,0.236636014003574,0.57693135220553,0.144105383733401,0.020014636629639,0.0040029273259278,1.19490521229846e-35
29-Oct-2019,6.40553228293903e-37,0.000278004274037709,0.00170509288076462,0.0178664080114901,0.252594683390662,0.572207023110773,0.133015778317909,0.0185892191239881,0.00374379089037448,1.14018474636315e-35
30-Oct-2019,9.27397531215734e-36,0.000296430760582972,0.00177858456349783,0.0191383109801381,0.265731649940098,0.567414885696762,0.124612080980067,0.0174708879518589,0.00355716912699566,1.59512375369106e-34
31-Oct-2019,9.62014891526816e-35,0.000277878071177912,0.00194514649824539,0.0212484098427377,0.286140312494269,0.558433219693552,0.112688820465016,0.0159502012856122,0.00331601164938975,1.28268652203575e-33
01-Nov-2019,5.36346357893414e-35,0.000296425241276251,0.00179707802523727,0.0192491141053766,0.266875350036525,0.566941249072976,0.123887224275893,0.0173964563474,0.00355710289531502,9.11788808418804e-34
04-Nov-2019,6.62900273013038e-36,0.00025943937744927,0.00164929318521322,0.0170118106070307,0.242983508365345,0.575186550810924,0.139596916451811,0.0194023591563847,0.00391012204584257,1.20647849688373e-34
05-Nov-2019,9.9274356681059e-37,0.000240970532918382,0.00153850417170967,0.0153850417170967,0.224362102341854,0.579562028641943,0.15344262088449,0.0212795516761771,0.00418918003381187,1.92592251961255e-35
06-Nov-2019,2.89589834362904e-36,0.00024087005227436,0.00148227724476529,0.0149154147754507,0.218432080481725,0.580571125128101,0.158177510482016,0.0218821178258476,0.00429860400981935,5.7338787203855e-35
07-Nov-2019,8.60392602984411e-38,0.000222286005956709,0.00146338287254834,0.0142633520488888,0.210504847641004,0.581528069952665,0.16478802574924,0.022765791776733,0.00446424395296391,1.73799305802851e-36
08-Nov-2019,3.10106477915066e-38,0.000240970510585,0.00139021448414423,0.0133645952409066,0.198726526460138,0.581953236521268,0.175389459319636,0.0242638767965973,0.00467112066672462,8.21782166474925e-37
12-Nov-2019,1.09339190645938e-37,0.000259540379941162,0.00137185629397471,0.0134775611583732,0.200235403124607,0.581973140907624,0.173984747553415,0.024044562341692,0.00465318824037369,2.87015375445587e-36
13-Nov-2019,4.05507422601629e-37,0.00025945860995791,0.00138995683906023,0.013714240812061,0.203285820902023,0.581919515568536,0.171187084298658,0.0236477990218781,0.00459612394782584,1.05431929876424e-35
14-Nov-2019,2.19128959480174e-36,0.000222384872046694,0.00148256581364463,0.0143808883923529,0.212099571714535,0.581341946299428,0.16345288095432,0.02259059658541,0.00442916536826333,4.42640498149952e-35
15-Nov-2019,2.80234937752983e-36,0.000240907993345751,0.00148251072828154,0.0147324503622978,0.216316846640381,0.580820091578394,0.159925844813371,0.022126472619602,0.00435487526432703,5.54865176750905e-35
18-Nov-2019,3.61701334619538e-36,0.000222419908212864,0.00148279938808576,0.0144387590414851,0.212614897259147,0.581275987796932,0.162996722735327,0.0225756206836057,0.00439279318720407,7.30636695931467e-35
19-Nov-2019,1.44652845211619e-35,0.000240979444268035,0.00146441354593652,0.0147182829806785,0.215787823901861,0.580862598896574,0.160381088600542,0.0221701088726592,0.00437470375748125,2.86412633519005e-34
20-Nov-2019,7.82786317262578e-35,0.000240863358031709,0.00153781990127937,0.0154893667165007,0.225392519265826,0.579434048926018,0.152596201288397,0.0211403916549369,0.00416878888901035,1.5186054554894e-33
21-Nov-2019,2.39374361323377e-35,0.000240905761187154,0.00153809062911798,0.0152882502291848,0.223245515770896,0.579823290064805,0.154272343221774,0.0214035503208587,0.00418805400217668,4.69173748193819e-34
22-Nov-2019,3.54605323235225e-35,0.000240899087279685,0.00151951731976417,0.0152137038966632,0.222201611966977,0.579946114580315,0.155139012208117,0.021477080165935,0.00426206077494828,6.87934327076336e-34
25-Nov-2019,6.14104201200927e-35,0.000240937037499348,0.00151975669807281,0.0151048988893822,0.221124599569594,0.580139411729983,0.156015998589962,0.0216101989018646,0.00424419858364236,1.20364423435382e-33
26-Nov-2019,2.05061652825895e-34,0.000240872306086445,0.00150081975330785,0.0149340829773596,0.218971454871508,0.580511614630991,0.157715774569832,0.0218452652981476,0.00428011559276683,4.06022072595273e-33
27-Nov-2019,1.57496359168977e-34,0.000240894601014611,0.00157508008355707,0.0157878615434191,0.229239008396289,0.578638282117597,0.149651138291846,0.0207725267490291,0.00409520821724839,3.02393009604436e-33
29-Nov-2019,6.83980460214361e-35,0.000277939857891204,0.00163058049962839,0.0170284486268011,0.241659441774472,0.574752017426459,0.140971095922418,0.019715200586416,0.0039652753059145,1.27220365599871e-33
02-Dec-2019,7.34181967411299e-36,0.00025947303621076,0.00153830442896379,0.0156425173258486,0.225760075291662,0.57846751888732,0.152829618328137,0.0212953227575831,0.00420716994427446,1.43899665612615e-34
03-Dec-2019,1.70321586299575e-34,0.000259499512557969,0.00161260411375309,0.0164226120090258,0.235050951339115,0.576459724146457,0.145764583339705,0.0203707117358006,0.00405931380358537,3.23611013969193e-33
04-Dec-2019,4.66027688954575e-35,0.000315097760933846,0.00168669977911647,0.0162182671068891,0.225331969392516,0.575711597321373,0.154064269934243,0.0221124487525928,0.00455964995233683,1.02526091570007e-33
05-Dec-2019,2.31654530454683e-35,0.00031509779013579,0.00170523509955839,0.016236803774056,0.22588804519911,0.575600347015343,0.153656510601511,0.0220568453095053,0.0045411152107805,5.09639967000302e-34
06-Dec-2019,6.7514271227161e-36,0.000296590085252966,0.00163124546889132,0.0151817049888862,0.213229734416554,0.57739620227518,0.163977243384234,0.0235233011366259,0.00476397824437577,1.5528282382247e-34
09-Dec-2019,8.50662849415907e-36,0.000315156204855612,0.00164993542542056,0.0158690418444943,0.221072808406069,0.576411522073772,0.157466870826092,0.0225985537481759,0.00461611147112043,1.90548478269163e-34
10-Dec-2019,8.25661517249202e-36,0.000296667102705502,0.00159458567704207,0.015204189013657,0.214416148480402,0.578139379952776,0.162462322119101,0.0231956590927864,0.00469104856153075,1.8659950289832e-34
11-Dec-2019,3.12712382154516e-35,0.000296573592605382,0.0016311547593296,0.0154959702136312,0.218074269812645,0.577716275829011,0.159408306025393,0.0227620232324631,0.00461542653492126,7.00475736026115e-34
12-Dec-2019,1.97342123518351e-36,0.000278058385031338,0.00157566418184425,0.0145517221499734,0.206634454529622,0.578815695580197,0.169170721453066,0.0241354678207202,0.00483821589954529,4.57833726562575e-35
13-Dec-2019,1.49949481750656e-35,0.00029657908995077,0.00161264880160731,0.0152182145530989,0.21494569544182,0.578097708351908,0.16202486407873,0.0231146328230381,0.00468965685984655,3.38885828756482e-34
16-Dec-2019,3.89966733456018e-36,0.000296631324898251,0.00157585391352196,0.0149428029917494,0.211275661158779,0.578468347861779,0.165130950679295,0.0235451114137987,0.00476464065617815,8.89124152279721e-35
17-Dec-2019,2.82099423957799e-36,0.000278146012192809,0.00155761766827973,0.014389420364108,0.20462274963651,0.578868394472608,0.171022711363618,0.02436559066809,0.00489536981459343,6.60112652061249e-35
18-Dec-2019,9.49162132354903e-37,0.000278073823409404,0.00150159864641078,0.0138851529155762,0.198025638777283,0.578996231358163,0.17704033423732,0.0252305649106799,0.00504240533115719,2.25900587500467e-35
19-Dec-2019,4.4972928878289e-37,0.000259552433345776,0.00148315676197587,0.0134781870744557,0.192550826623517,0.578839097977428,0.182261426587309,0.0259737827941023,0.00515396974786613,1.09733946463025e-35
20-Dec-2019,7.3115775995393e-37,0.000278086737292664,0.0015202074971999,0.0140897280228283,0.200574694051289,0.578958140623087,0.174694088367252,0.0249165716614227,0.00496848303962893,1.74015546869035e-35
23-Dec-2019,1.01386781501912e-36,0.000278058359259186,0.00157566403580205,0.0144961091293789,0.20615246755476,0.578815734618136,0.169634136372054,0.0241725400315986,0.00487528989901106,2.35217333084436e-35
24-Dec-2019,8.26749644136935e-37,0.000278050627829049,0.00157562022436461,0.0146439997323299,0.207685282279778,0.578716225421946,0.168257703253619,0.0240050375359079,0.00483808092422546,1.90152418151495e-35
26-Dec-2019,1.22473618724243e-36,0.000296581866187637,0.00161266389739528,0.0152739661086633,0.215448189418682,0.578056686248175,0.161581507972352,0.0230777764627255,0.00465262802581856,2.76790378316789e-35
27-Dec-2019,1.23940903893399e-36,0.000296554353501315,0.0016681182384449,0.0156803114413821,0.220747646887542,0.577317373025156,0.157247945944072,0.0224825269248185,0.00455952318508272,2.75148806643345e-35
30-Dec-2019,4.91995833837432e-37,0.000259506703706924,0.00151996783599769,0.0148474906906604,0.211776006417971,0.577319188240787,0.166102826565553,0.0235409652648423,0.00463404828048078,1.06271100108885e-35
31-Dec-2019,1.03384022826217e-37,0.000240966066324427,0.00146433224920229,0.0138092091855152,0.199037970783977,0.577827451799604,0.177536383327335,0.025153150154019,0.00493053643402289,2.31580211130726e-36
02-Jan-2020,6.7416094644813e-37,0.000240970510585,0.00142728687038808,0.0136055657514916,0.196020242264337,0.577764056875713,0.180375695269434,0.0255799465082539,0.00498623594979732,1.52360373897277e-35
03-Jan-2020,5.93370334602034e-36,0.000259489892915008,0.00148279938808576,0.0143831540644319,0.206127649936272,0.577680199280824,0.171040909415693,0.0242437699952022,0.00478202802657659,1.29354732943244e-34
06-Jan-2020,2.67977342269718e-36,0.000259511514062466,0.00155706908437479,0.0152370331828105,0.216432602728096,0.576847939784431,0.162139086678885,0.0229667689945282,0.00455998803281189,5.68111965611802e-35
07-Jan-2020,1.09621557894138e-36,0.000259545191545278,0.0015758100915249,0.0154058610124376,0.218555590223378,0.576570558936132,0.160361850490476,0.0227658210869716,0.0045049629675359,2.30205271577691e-35
08-Jan-2020,5.28705154268878e-37,0.000240961599896053,0.00150137612242925,0.0141425923631299,0.20359401640448,0.577798205966747,0.173344067863684,0.0245780831893974,0.00480069649023675,1.17372544247691e-35
09-Jan-2020,1.12934661463572e-36,0.000259487464067937,0.00148278550895964,0.0144756935312185,0.2071266007828,0.577647082591709,0.170149637153119,0.0241137993394561,0.00474491362867084,2.46197561990588e-35
10-Jan-2020,4.01674561180365e-36,0.000259444185309121,0.00150106992928849,0.0146400647424433,0.20918614026924,0.577513675951618,0.168323681083053,0.0238688650484392,0.00470705879060834,8.67617052149589e-35
13-Jan-2020,2.44905909029678e-36,0.000240968299600706,0.00146434582065045,0.0138093371694251,0.199021279447137,0.577842075122609,0.177519492713536,0.0251904553197969,0.00491204610724517,5.48589236226479e-35
14-Jan-2020,5.75962895272662e-36,0.000241008483313222,0.00144605089987933,0.0137560226629546,0.198034816827064,0.577808754577539,0.178476051450491,0.0253058907478883,0.00493140435087053,1.30167614331622e-34
15-Jan-2020,1.87742608928031e-35,0.000259446589305871,0.00148255193889069,0.0145104771018926,0.207649930940878,0.577639484509278,0.16967806940604,0.0240544052085015,0.00472563430521408,4.09278887463108e-34
16-Jan-2020,8.68144157026243e-36,0.000240843277536121,0.001519165289074,0.0143579646223457,0.206069213541098,0.577764681667251,0.171054306268539,0.0242140125953624,0.00477981273879379,1.89255426231721e-34
17-Jan-2020,3.57444983236394e-36,0.000240992846034676,0.00150157080990837,0.0143112674722131,0.205103449886743,0.577706382102314,0.171957664601358,0.0243958911832026,0.00478278109822665,7.86378963120067e-35
21-Jan-2020,1.34222897217384e-35,0.000259559627428111,0.00152027781779322,0.0147948987634023,0.211262996753094,0.577344226680097,0.166563120915296,0.0236013861225704,0.00465353332031827,2.89921457989549e-34
22-Jan-2020,1.60161354144981e-35,0.000259475440742204,0.00153831868440021,0.0150681095231008,0.214345248013113,0.577092099510314,0.163858740828702,0.0232230519464272,0.00461495605320062,3.39542070787359e-34
23-Jan-2020,5.20693864282806e-35,0.000259470655768528,0.00157535755288035,0.0152346342172665,0.216991602695566,0.57680336044153,0.161687285780332,0.0229075521807072,0.00454073647594925,1.10387099227955e-33
24-Jan-2020,1.27303657551786e-34,0.00025947063172388,0.00155682379034328,0.015179031955847,0.215935166443924,0.57689606774111,0.162558350775011,0.0230558189903219,0.00455926967171961,2.69883754009786e-33
27-Jan-2020,1.77864653894401e-33,0.000278012002890213,0.00168660615086729,0.0168289932416209,0.235142552044542,0.573529587566414,0.147346361531813,0.020962105017922,0.00422578244393123,3.52172014710914e-32
28-Jan-2020,4.57054349873454e-34,0.000278066091119292,0.00159424558908394,0.0159980691090633,0.225455986679522,0.575485767557881,0.154827199535222,0.0219486834590161,0.00441198197909277,9.32390873741846e-33
29-Jan-2020,1.8491363938696e-33,0.000277975938588073,0.00166785563152844,0.0167526832322412,0.234037208561918,0.573807290956766,0.148161175267443,0.0210705761449759,0.00422523426653871,3.69827278773921e-32
30-Jan-2020,2.24063417038938e-33,0.00027798621596082,0.00161232005257275,0.0161787977689197,0.227578048799924,0.575162932354278,0.153096275336822,0.0217385220881361,0.00435511738338617,4.57089370759434e-32
31-Jan-2020,5.74724627859037e-33,0.000277975912831201,0.00164932374946513,0.0165117692221734,0.231331554658126,0.574363282272864,0.150218183293981,0.0213485501054363,0.00429936078512258,1.14944925571807e-31
03-Feb-2020,4.98861918911115e-33,0.000259475440742203,0.00174219224498337,0.0175887280903108,0.243369429456134,0.571457775654198,0.141339979364289,0.0201649485376798,0.0040774712116632,8.0649343557297e-32
04-Feb-2020,4.21464149434794e-34,0.000296584587499961,0.00166828830468728,0.0169794676343727,0.236804256582,0.573103559367244,0.146142055490606,0.0207979941984347,0.00420779383515569,8.26069732892196e-33
05-Feb-2020,8.26398303183934e-35,0.000277981090058368,0.00164935446767965,0.0164379484587848,0.230816965111798,0.574503611483992,0.150628686666294,0.0214045439344943,0.00428090878689886,1.66932457243155e-33
06-Feb-2020,2.59956526459711e-34,0.00027798621596082,0.00163085246697014,0.0162529274265092,0.22867146124937,0.574940543381509,0.152280849103337,0.0216273276017518,0.0043180525545914,5.30311313977811e-33
07-Feb-2020,1.70013850913593e-33,0.00027797333716813,0.00168637157881999,0.0167154633417102,0.234072081451377,0.573792747898012,0.148159788710613,0.021051847401533,0.00424372628076678,3.40027701827186e-32
10-Feb-2020,2.89173507504209e-33,0.000278014553505847,0.00164955301746802,0.0164955301746803,0.231363711427566,0.574359718582548,0.150220530410993,0.021332983405682,0.0042999584275571,5.78347015008418e-32
11-Feb-2020,1.6603340280338e-33,0.000278058385031339,0.00166835031018803,0.0167576520045553,0.234051011293712,0.573773570198295,0.148168044770366,0.0210768255853755,0.00422648745247635,3.3206680560676e-32
12-Feb-2020,5.01366123097549e-34,0.000277937308645953,0.00164909469796599,0.0163797720562015,0.230280324790127,0.574626213694323,0.151031133518211,0.0214567602274676,0.00429876370705741,1.01275956865705e-32
13-Feb-2020,1.11644161938641e-33,0.000277816311929192,0.00162985569665126,0.0162985569665126,0.229161415166659,0.574904000573413,0.151835875013034,0.0215585458057053,0.00433393446609539,2.25521207116054e-32
14-Feb-2020,2.6266866521002e-33,0.000277975912831201,0.00166785547698721,0.0166970864973942,0.233518298505731,0.573899989084813,0.148568859544516,0.0211076376476492,0.00426229733007842,5.2533733042004e-32
18-Feb-2020,1.00427428190616e-32,0.000296546136416227,0.00166807201734128,0.0169216639092509,0.236254600056103,0.573270109697049,0.146530859656668,0.020869434350292,0.0041887141768792,1.9884630781742e-31
19-Feb-2020,1.0094672857529e-32,0.000259434593805573,0.00174191798698028,0.0175859592515349,0.243349648989627,0.571469644160438,0.141354791539208,0.0201617741471759,0.00407682933123043,1.6319721119672e-31
20-Feb-2020,3.3413992103673e-32,0.000259427358579198,0.00177893045882879,0.0178634266907391,0.246715418008817,0.570480946820912,0.13905306419845,0.0198276624056958,0.00402112405797757,5.34623873658768e-31
21-Feb-2020,1.9336842674255e-31,0.000296471928462806,0.00181589056183469,0.0187518494752725,0.255651449812583,0.567614221832526,0.132967659915568,0.0190297919082064,0.0038726645655454,3.63532642275994e-30
24-Feb-2020,1.16638387108989e-30,0.000315021854177866,0.00190866182237178,0.0201243372727743,0.269251031835553,0.562527298033467,0.124303917519125,0.0178635922016155,0.00370613946091607,2.07616329054e-29
25-Feb-2020,3.72461494882705e-30,0.000352102855544893,0.00203849021631254,0.0224975192963947,0.290614577929211,0.552922032104182,0.111931644604797,0.0162337948135435,0.0034098381800137,6.25735311402945e-29
26-Feb-2020,1.79648916146001e-30,0.000333527829469444,0.00203822562453549,0.0220684247165616,0.287148931849332,0.554629171715135,0.113844165792237,0.0164725689110187,0.00346498356171034,3.05403157448202e-29
27-Feb-2020,2.6691538680108e-30,0.000352031061738652,0.00213071432104973,0.0235119693340184,0.299374626082797,0.548473843443635,0.107221250225346,0.0156005344202076,0.00333503111120828,4.32402926617749e-29
28-Feb-2020,1.46396940511614e-28,0.000352115906178161,0.00229801959821537,0.0258897853121521,0.318238649520599,0.537912736597565,0.0978140922530701,0.0143811549049607,0.00311344590725953,1.87876073656571e-27
02-Mar-2020,8.25800540251775e-29,0.000352034355588606,0.00213073425750998,0.0234195487086314,0.298821583522791,0.548784596755299,0.107518703446351,0.0156747928856821,0.00329800606814588,1.35431288601291e-27
03-Mar-2020,6.61496044655554e-29,0.000352086543613655,0.00213105013239844,0.0234230205856663,0.298828821174411,0.54875476718231,0.107534642767897,0.0156771166261659,0.00329849498753845,1.08485351323511e-27
04-Mar-2020,2.54030980587881e-29,0.000315010208647012,0.00198271131324884,0.0209018538443429,0.27670867327799,0.559393368164197,0.119833589371778,0.0172514414264922,0.00361335239330396,4.42013906222913e-28
05-Mar-2020,1.83548406061632e-27,0.000333496963000643,0.00224184069572654,0.0247899409163811,0.309985427109097,0.542720080898952,0.10182773936953,0.014914725289751,0.0031867487575617,2.41672067981148e-26
06-Mar-2020,3.1242726616587e-23,0.000389112232104335,0.00277937308645953,0.0333895353453339,0.366988422336117,0.505234532302384,0.0769515761871096,0.0116548378092203,0.00261261070127196,2.99037526187333e-22
09-Mar-2020,7.59877904917252e-21,0.000555555504115231,0.00418518479766807,0.0571296243398496,0.45970366113855,0.422388942371394,0.0465740697616602,0.00766666595679019,0.00179629612997258,4.84422164384748e-20
10-Mar-2020,5.27250881528466e-25,0.000537131482656071,0.00388957280544051,0.0523795804465989,0.446152522559291,0.436419422266934,0.0504903593696706,0.00818662466668908,0.00194478640272026,3.42713072993503e-24
11-Mar-2020,6.28381824285173e-26,0.000518552080361497,0.00383358145124393,0.0512440573700094,0.442695318891473,0.439926713775271,0.0515218531273459,0.00831535300293973,0.00194457030135561,4.24157731392492e-25
12-Mar-2020,7.94685552631525e-28,0.000629571277699169,0.00496250301245227,0.0706786343228744,0.489602769224815,0.387834516448985,0.0382001631145113,0.00651791440441492,0.00157392819424792,3.97342776315762e-27
13-Mar-2020,5.10366168943951e-29,0.000555715014891773,0.00422343411317748,0.0576832185457661,0.461113795523364,0.420833811479794,0.0461613939036766,0.00761329570401729,0.00181533571531313,3.1897885558997e-28
16-Mar-2020,1.41807034824492e-25,0.000759125639088898,0.0064062797835307,0.0945203996963127,0.521426922909218,0.341337973751102,0.0290689573992578,0.00518427265719247,0.00129606816429812,5.53047435815518e-25
17-Mar-2020,4.76391359291701e-29,0.000759217010238597,0.00668481318771057,0.0987167288190722,0.525174478716508,0.334499996805733,0.0278873370102275,0.00498120428668738,0.00129622416382199,1.60240729943572e-28
18-Mar-2020,8.13898145116905e-32,0.000833155824856204,0.00725771296319182,0.108217684361878,0.531979251457629,0.320367021803966,0.0254945682405998,0.00466567261919475,0.00118493272868438,2.66366665674623e-31
19-Mar-2020,1.65479673112465e-32,0.000796134047126137,0.00694302948075119,0.103071586984912,0.528595977801191,0.327803657791593,0.0267167774419306,0.00485086326388483,0.00122197318861221,5.56613445923745e-32
20-Mar-2020,1.98957028569244e-29,0.000592740722889915,0.00448260171685498,0.0623489147889829,0.472432879290852,0.408278050227552,0.0429737024095188,0.00716845811744991,0.00172265272589882,1.19374217141546e-28
23-Mar-2020,1.55957267619116e-25,0.000500041623835169,0.00364845184798253,0.0481521563693126,0.432443404316711,0.449880133540746,0.0546156573588857,0.00870442826676035,0.00205572667576681,1.07220621488142e-24
24-Mar-2020,2.27838509429081e-25,0.000611530065829358,0.00372477403732427,0.0427329797515909,0.41435794763468,0.467579687232021,0.0587439487478505,0.00980301226738578,0.00244612026331743,1.59486956600357e-24
25-Mar-2020,2.30916976928464e-26,0.000611428091285473,0.00376120916760458,0.043114944497615,0.41601196768584,0.466093579439934,0.0582338936639467,0.00972726508863253,0.00244571236514189,1.59542638605121e-25
26-Mar-2020,5.59513542256046e-26,0.000611433755645688,0.00377977230762789,0.0433747400595926,0.417127519419738,0.465088105288152,0.057900923830084,0.00969029861220286,0.00242720672695712,3.8657299283145e-25
27-Mar-2020,9.83485397871253e-24,0.000667148434318449,0.00428086912021005,0.051333365640614,0.446340834459996,0.437204699949528,0.0494616436443317,0.00852467443851351,0.00218676431248825,5.73699815424897e-23
30-Mar-2020,3.76065971830614e-24,0.000722469668083541,0.00485351418045866,0.0605392532127439,0.472476638063351,0.409501457953053,0.0423848871942344,0.00753961935666669,0.00198216037140869,1.85140170747379e-23
31-Mar-2020,2.22285589536698e-24,0.00109416281754714,0.0058602618702525,0.0617552912276609,0.476276092885521,0.403050729931779,0.0411331038867723,0.00832676449285878,0.00250359288760787,9.63237554659024e-24
01-Apr-2020,2.21167501261675e-23,0.000982454748458681,0.00561667526005624,0.0632107677781906,0.492339587152124,0.391971731996354,0.0364249732211568,0.00728499464423135,0.00216881519942766,9.04776141525034e-23
02-Apr-2020,4.29898268058146e-23,0.000871362674957342,0.00482030415933849,0.0503721784650872,0.456297407575534,0.431871535927813,0.0447732097877017,0.00850969080437065,0.00248431060519753,2.02666326370269e-22
03-Apr-2020,1.46566589429525e-22,0.000853084005314713,0.00452505428906065,0.0460109003736044,0.440098620220075,0.448073193865844,0.0487556054341822,0.00908719918704803,0.00259634262487087,7.62146265033529e-22
06-Apr-2020,8.06392068819832e-23,0.000815826969033155,0.00426455006540058,0.0419038397730666,0.422579828437151,0.464687717660086,0.0532697927734603,0.00969721601828045,0.00278122830352212,4.54126059809063e-22
07-Apr-2020,2.09686723882721e-23,0.000815864787470468,0.00419057822655286,0.0410342903334579,0.418575720735417,0.468371379055323,0.0543662626559866,0.00984600459424587,0.00279989961154638,1.20293962648508e-22
08-Apr-2020,3.89742532061541e-24,0.00079760340580364,0.00396946811260417,0.037913985150294,0.40265987751594,0.482485232048335,0.0587629671996729,0.0104801377739316,0.00293072879341803,2.44671700683079e-23
09-Apr-2020,8.86531225157821e-24,0.000741832814807651,0.00363498079255749,0.0333268392052337,0.376072145466739,0.504715321193672,0.0667834991530587,0.0115540460906292,0.00317133528330271,5.91020816771881e-23
13-Apr-2020,1.8351378422589e-24,0.000704832675968665,0.00335722932500864,0.0294174901075343,0.349522814367198,0.525109710451954,0.0757509644383165,0.0127240846240659,0.00341287400995354,1.38175084593611e-23
14-Apr-2020,8.23431830854484e-25,0.000686443601561789,0.00317248259100178,0.0269568257586292,0.330197924880992,0.538691347220706,0.0830596757889765,0.0136175568526041,0.00361774330552835,6.8962415834063e-24
15-Apr-2020,1.13873953790076e-22,0.00076033633199474,0.00376459208280322,0.0349940160603433,0.386454849327765,0.496286452447778,0.0635529904816091,0.0111083283625573,0.00307843490514943,7.40180699635491e-22
16-Apr-2020,9.2729225601219e-22,0.000834360755897471,0.00441284133119107,0.0445177816646628,0.43396029981734,0.454012862690826,0.0503026829055519,0.00930775776578956,0.00265141306874085,4.868284344064e-21
17-Apr-2020,1.12060777520901e-22,0.000964758396204195,0.00486089807318267,0.0466609108933375,0.446256417382683,0.443074662745047,0.0464382743403673,0.0089982273492122,0.00274585081996579,5.28926869898652e-22
20-Apr-2020,1.09465459286112e-21,0.00124368862825878,0.00534600484982877,0.0469074800538796,0.455004412774316,0.43685036411769,0.0427866013154699,0.00892857059988764,0.00293287766066995,4.56106080358799e-21
21-Apr-2020,5.73526077702587e-21,0.00118823267192404,0.00521708407516648,0.0446144236036479,0.445327326074531,0.446524934644882,0.0448743495006313,0.00924593547840893,0.00300771395080772,2.43748583023599e-20
22-Apr-2020,8.79475077636005e-22,0.00109550369077979,0.00454912549561098,0.0355388824432629,0.397649271893897,0.490702190942394,0.056186341835587,0.0108436297528033,0.00343505394566543,4.34564156008379e-21
23-Apr-2020,2.29052994651948e-21,0.00116984029173217,0.0048093434215656,0.037750560525262,0.412173729453635,0.47828836767449,0.0521228841094001,0.0103243047968744,0.00336096972704005,1.0752765582272e-20
24-Apr-2020,2.65943735142991e-21,0.00109611426563921,0.00436587885466463,0.0323446599403027,0.376858947093072,0.508773605122607,0.0612895078363345,0.0116113799326187,0.00365990695476141,1.37530903031089e-20
27-Apr-2020,1.8248774127099e-22,0.0010401863939719,0.00416074557588759,0.0297939102844808,0.357229727301206,0.524523369412632,0.0670362981400817,0.0123522134284163,0.00386354946332419,9.75005931933576e-22
28-Apr-2020,6.74991751112145e-22,0.00107735591966677,0.00438372408691996,0.0322463771817502,0.376182966984335,0.509338679000039,0.0614835878292588,0.0116094387895126,0.00367787020851759,3.49067162717995e-21
29-Apr-2020,9.9944332516272e-23,0.00109581906949917,0.00425326384602219,0.0310358248327645,0.36719225430506,0.516650924328028,0.0640589825542818,0.0119425705370841,0.00377036052725984,5.4087521126453e-22
30-Apr-2020,3.73639256610076e-23,0.00109574783907847,0.00449442333994899,0.0337824630387075,0.387058995156516,0.500283269388399,0.0585017914084269,0.0112360583498725,0.00354725147905065,1.84743854657204e-22
01-May-2020,6.0035607134979e-23,0.00111457858573167,0.00456977220149983,0.0346262413967304,0.392777493611839,0.495355969000226,0.0570106946601747,0.0110157516889813,0.00352949885481694,2.91839756906148e-22
04-May-2020,1.90018162580578e-23,0.00111431983635099,0.00442013535085892,0.0331510151314419,0.38258314381384,0.504034812837447,0.0597089712311405,0.0113660623307801,0.00362153946814071,9.7180717434067e-23
05-May-2020,5.4224756629027e-24,0.0010957681896823,0.00438307275872921,0.0324087371355189,0.377482855174454,0.508260095623418,0.0611215781736349,0.0115705691893572,0.00367732375520501,2.78870176949281e-23
06-May-2020,3.36056654074767e-25,0.00111430948887459,0.00440152248105465,0.0329649890458734,0.381316707092886,0.505098012341163,0.0600427096255261,0.0114216722609646,0.00364007766365701,1.71868974512524e-24
07-May-2020,5.41368411491485e-24,0.00113314437067344,0.00460688203159039,0.0353318130003425,0.397176389989654,0.491552548037659,0.0558584446330335,0.0108484641389064,0.00349231379814111,2.61661398887551e-23
08-May-2020,4.15950908998764e-25,0.0011146303500283,0.00445852140011319,0.0333274474658461,0.383860115377245,0.50291201823238,0.0593912204840078,0.0113134980527872,0.00362254863759197,2.11540748005086e-24
11-May-2020,1.32204147181135e-25,0.00107723586107038,0.00432751647636893,0.0317041657732264,0.372370720320689,0.512476480737305,0.0625539720704315,0.0117753023434245,0.00371460641748406,6.87461565341902e-25
12-May-2020,6.99626097410848e-25,0.00113298652182517,0.00458766673591505,0.0351040086270423,0.395950929053591,0.492663494366317,0.0561849873528058,0.010902673578875,0.00347325376362799,3.40096019574718e-24
13-May-2020,2.84061822066255e-24,0.0011142267159811,0.00471689309765334,0.0364166431673157,0.404074318550547,0.485542954786258,0.0540957070608826,0.0106408651376195,0.00339839148374236,1.32050360528097e-23
14-May-2020,1.76003408658328e-23,0.00116981856949572,0.00490209686264872,0.0390867950601347,0.419519221279631,0.471594809013656,0.0503579041344823,0.0101012905048519,0.00326806457509915,7.94393763403807e-23
15-May-2020,1.39751594492558e-23,0.00113309174950388,0.00469954446925379,0.0365375651028545,0.404699507318705,0.48494478638945,0.0539797479353814,0.0105693312371755,0.00343642579767569,6.45878990762901e-23
18-May-2020,3.3641941067045e-25,0.0010958088931578,0.00429037041219409,0.0313884242277403,0.369751922796363,0.514556660331096,0.0633154663860158,0.0118681675038616,0.00373317944957148,1.81072800449095e-24
19-May-2020,4.35047884339661e-25,0.00109593102172999,0.0044208742910464,0.0327664800395204,0.380046588213485,0.506143761445165,0.060406231909592,0.0114979881771333,0.00362214490232793,2.23738911946111e-24
20-May-2020,9.45964990423277e-25,0.00105851538018205,0.0043454841923263,0.0315140456169989,0.37107463731224,0.513547186247917,0.0629166685623996,0.011829373634666,0.00371408905327034,4.94604552135599e-24
21-May-2020,1.12906069982626e-24,0.00111415429978605,0.00440090948415492,0.0329603980353375,0.381319309101777,0.505111229273364,0.0600343475201386,0.0114200815728071,0.00363957071263444,5.77433900768285e-24
22-May-2020,2.26037046499354e-24,0.00109555454603608,0.00453076795309838,0.0340550345327149,0.388977570006168,0.498644529780097,0.0579901160554354,0.0111598013926727,0.00354662573377783,1.11134881195516e-23
26-May-2020,3.17440473373405e-25,0.00111431983635099,0.00445727934540395,0.0334110230932572,0.384514631530181,0.502419049074738,0.05918895530751,0.011328918336235,0.00356582347632317,1.6234812781097e-24
27-May-2020,2.17531595040214e-25,0.00107723586107038,0.00436466254054377,0.0319641882224503,0.374265169593606,0.510934919074049,0.0620153541398963,0.0117010102150748,0.00367746035330921,1.13116429420911e-24
28-May-2020,6.34002406702472e-26,0.00102164010201169,0.0041608615063749,0.0293860843887727,0.354286212103073,0.52683203057193,0.0679669296956506,0.0124825845191247,0.0038636571130624,3.42361299619335e-25
29-May-2020,3.19463888111285e-25,0.00107755607680783,0.0043102243072313,0.0315463830762015,0.371088018588957,0.513483431321267,0.0629441377280157,0.0117973811857408,0.00375286771577898,1.66121221817868e-24
01-Jun-2020,6.14054257340238e-26,0.00105881031886816,0.0040866363184385,0.029126571578689,0.351636479582004,0.528847983723299,0.0687669438675425,0.012575694489013,0.00390088012214584,3.43147967337192e-25
02-Jun-2020,2.83775006332384e-26,0.00102177296000474,0.00416140260074658,0.0294827943186823,0.354926770925283,0.526306055741802,0.0677714137835872,0.0124470524218759,0.00388273724801802,1.52427717687109e-25
03-Jun-2020,4.46167961127317e-27,0.00102168754732851,0.0040681740520899,0.0283286092668361,0.345163205762021,0.533757531810939,0.0708493873729264,0.012836110821891,0.00397529336596913,2.51953672166014e-26
04-Jun-2020,6.40691425554112e-28,0.00100323254530965,0.00388288151795772,0.0264184570264875,0.327611161185007,0.546520311139569,0.0768216032380631,0.0135993745030864,0.00414297884451948,3.86356344500813e-27
05-Jun-2020,1.07874355385519e-28,0.00096647978602881,0.00369864379653333,0.0244593730464214,0.308214120994534,0.559675526715221,0.0841209136839691,0.0144971967904321,0.00436774518686097,6.73397491194452e-28
08-Jun-2020,3.38990117672601e-28,0.000966264276438547,0.00356774502069617,0.0233389986770541,0.295937016664621,0.567466662256537,0.0891192974961398,0.0151071703220104,0.00449684528650247,2.23521608840371e-27
09-Jun-2020,2.27942269606376e-27,0.00100336293811425,0.00388338618640514,0.0264033099085249,0.327635160884602,0.546498532767511,0.0768501687414911,0.0135825612548429,0.00414351731850883,1.37456095914148e-26
10-Jun-2020,1.28686404887032e-26,0.00100323254530965,0.00388288151795772,0.0264184570264875,0.327611161185007,0.546520311139569,0.0768216032380631,0.0135993745030864,0.00414297884451948,7.76018017349074e-26
